[gd_scene load_steps=61 format=3 uid="uid://dcgtpj2gjbxgl"]

[ext_resource type="PackedScene" uid="uid://x65cq1udsqsf" path="res://Scenes/Section01/S1B1.tscn" id="1_17a2u"]
[ext_resource type="PackedScene" uid="uid://eo1atg6pdllw" path="res://Scenes/Section01/S1B2.tscn" id="2_8mtnr"]
[ext_resource type="Material" uid="uid://cbufshjju7lvd" path="res://Materials/Miscellaneous/Shopsign_Pharmacy_Emissive.tres" id="2_je3vt"]
[ext_resource type="Material" uid="uid://de2c14t65vd2i" path="res://Materials/Miscellaneous/Shopsign_Book_Store_Emissive.tres" id="3_414o6"]
[ext_resource type="PackedScene" uid="uid://bgt0h0f43llsf" path="res://Scenes/Section01/S1B3.tscn" id="3_bis43"]
[ext_resource type="PackedScene" uid="uid://bumtkl0ox2bxf" path="res://Scenes/Ground.tscn" id="3_e3k7r"]
[ext_resource type="PackedScene" uid="uid://du8nt2wqwtlkg" path="res://Scenes/Section01/S1B4.tscn" id="4_ll7ne"]
[ext_resource type="Material" uid="uid://t1kioepb34kc" path="res://Materials/Lights/StreetLight_Bulb.tres" id="4_m6wwl"]
[ext_resource type="PackedScene" uid="uid://1h46fckn3rr5" path="res://Scenes/Section01/S1Details.tscn" id="5_l1708"]
[ext_resource type="Material" uid="uid://blcwr4ltx5kto" path="res://Materials/Lights/Spotlight_Glass_Emissive.tres" id="5_piy6g"]
[ext_resource type="PackedScene" uid="uid://cbs4svf33bg3p" path="res://Scenes/Section01/S1Lamps.tscn" id="6_kx4kb"]
[ext_resource type="PackedScene" uid="uid://ccmnlkssgfvk7" path="res://Scenes/Section01/S1Walls.tscn" id="7_2kc2q"]
[ext_resource type="Material" uid="uid://b6dx1tpevicfc" path="res://Materials/Lights/StringLight_Blue.tres" id="7_8yd0a"]
[ext_resource type="PackedScene" uid="uid://dthil5porgf21" path="res://Scenes/Section02/S2B1.tscn" id="8_anouh"]
[ext_resource type="Material" uid="uid://pub4k2cqjy50" path="res://Materials/Lights/StringLight_Green.tres" id="8_vfdcb"]
[ext_resource type="Material" uid="uid://cnrxe37qqbo5e" path="res://Materials/Lights/StringLight_Orange.tres" id="9_ksbxv"]
[ext_resource type="PackedScene" uid="uid://cjnm1rusd0kcd" path="res://Scenes/Section02/S2B2.tscn" id="9_u4tpu"]
[ext_resource type="Material" uid="uid://bh3xso5831lxm" path="res://Materials/Lights/StringLight_Pink.tres" id="10_5yr8b"]
[ext_resource type="PackedScene" uid="uid://srx8s5o73xw0" path="res://Scenes/Section02/S2B3.tscn" id="10_ypp8l"]
[ext_resource type="Material" uid="uid://bi8tfpoad535y" path="res://Materials/Lights/StringLight_Red.tres" id="11_awwij"]
[ext_resource type="PackedScene" uid="uid://dpgfbsr7n2bm8" path="res://Scenes/Section02/BistroProps.tscn" id="11_e4jub"]
[ext_resource type="PackedScene" uid="uid://d4b75rgbhmhow" path="res://Scenes/Section02/S2Ivy.tscn" id="12_lc6cf"]
[ext_resource type="Material" uid="uid://ivcxxvgm585r" path="res://Materials/Lights/StringLight_White.tres" id="12_xvt36"]
[ext_resource type="PackedScene" uid="uid://biak8e4cv0isu" path="res://Scenes/Section02/S2Lamps.tscn" id="13_v0ve4"]
[ext_resource type="PackedScene" uid="uid://u5uvyrtg8ns" path="res://Scenes/Section02/S2Walls.tscn" id="14_v6tgn"]
[ext_resource type="PackedScene" uid="uid://bij2ka0wuj53c" path="res://Scenes/Section02/S2Details.tscn" id="15_uu4ux"]
[ext_resource type="PackedScene" uid="uid://c7x2605gbo88t" path="res://Scenes/Section02/Bistro_Lanterns.tscn" id="16_1sf6e"]
[ext_resource type="PackedScene" uid="uid://b62ieebpxbuin" path="res://Scenes/Section03/S3B1.tscn" id="16_m1vvn"]
[ext_resource type="PackedScene" uid="uid://q5n4wbhxihjp" path="res://Scenes/Section03/S3B2.tscn" id="17_4e0xd"]
[ext_resource type="PackedScene" uid="uid://ncj04jk76gn0" path="res://Scenes/Section02/Bistro_StringLights.tscn" id="17_j1o0m"]
[ext_resource type="PackedScene" uid="uid://chlhxyb30n5bj" path="res://Scenes/Section03/S3B3.tscn" id="18_4ij38"]
[ext_resource type="PackedScene" uid="uid://cou4bgmlcrc2" path="res://Scenes/Section03/S3B4.tscn" id="19_acyb5"]
[ext_resource type="PackedScene" uid="uid://8lyr6devevqc" path="res://Scenes/Section03/S3Lamps.tscn" id="20_w5tey"]
[ext_resource type="PackedScene" uid="uid://0rjacw3hrc2a" path="res://Scenes/Section04/S4B1.tscn" id="21_7egcs"]
[ext_resource type="PackedScene" uid="uid://dg2ssh4rfvemk" path="res://Scenes/Section04/S4B2.tscn" id="22_k7idl"]
[ext_resource type="PackedScene" uid="uid://dhbajvc40q32m" path="res://Scenes/Section04/S4B3.tscn" id="23_256hy"]
[ext_resource type="PackedScene" uid="uid://7pvp17b3ediw" path="res://Scenes/Section02/BistroProps_Props.tscn" id="23_lunsi"]
[ext_resource type="PackedScene" uid="uid://c12tht4kio8pw" path="res://Scenes/Section05/S5B1.tscn" id="24_0u2lm"]
[ext_resource type="PackedScene" uid="uid://del44lwpj48x1" path="res://Scenes/Section05/S5B2.tscn" id="25_tcv6v"]
[ext_resource type="PackedScene" uid="uid://ckb5gvf1swqgf" path="res://Scenes/Section05/S5Lamps.tscn" id="26_xvk4t"]
[ext_resource type="CameraAttributesPractical" uid="uid://c5r7ambhbw168" path="res://Resources/BistroCameraAttributesPractical.tres" id="30_pvdv2"]
[ext_resource type="PackedScene" uid="uid://b5i411e430syd" path="res://Godot-Human-For-Scale/Human-For-Scale.tscn" id="31_gaxn2"]
[ext_resource type="PackedScene" uid="uid://ckt8i0dx43ex0" path="res://Scenes/UI.tscn" id="32_q35xk"]
[ext_resource type="ArrayMesh" uid="uid://pw3fun5eaf0n" path="res://Meshes/rounded_cube.obj" id="33_6648h"]
[ext_resource type="Environment" uid="uid://bevtu3gehmb2j" path="res://Resources/WorldEnvironment.tres" id="33_vhloy"]
[ext_resource type="Material" uid="uid://elgkttuqw3r" path="res://Materials/FogMaterial.tres" id="35_hsy4k"]
[ext_resource type="PackedScene" uid="uid://cos8ymay0y3os" path="res://Scenes/Section04/S4B3_Props.tscn" id="41_renwl"]
[ext_resource type="PackedScene" uid="uid://dfhhloubmolfj" path="res://Scenes/Section05/S5B1_Props.tscn" id="43_a2awi"]
[ext_resource type="PackedScene" uid="uid://doh36w0se2tbx" path="res://Scenes/Section05/S5B2_Props.tscn" id="45_v1415"]

[sub_resource type="BoxMesh" id="BoxMesh_u4h6w"]
size = Vector3(42.825, 2, 85.35)

[sub_resource type="StandardMaterial3D" id="StandardMaterial3D_5sixh"]
albedo_color = Color(0.0470588, 0.0196078, 0.00392157, 1)

[sub_resource type="ConcavePolygonShape3D" id="ConcavePolygonShape3D_85nr3"]
data = PackedVector3Array(-21.4125, 1, 42.675, 21.4125, 1, 42.675, -21.4125, -1, 42.675, 21.4125, 1, 42.675, 21.4125, -1, 42.675, -21.4125, -1, 42.675, 21.4125, 1, -42.675, -21.4125, 1, -42.675, 21.4125, -1, -42.675, -21.4125, 1, -42.675, -21.4125, -1, -42.675, 21.4125, -1, -42.675, 21.4125, 1, 42.675, 21.4125, 1, -42.675, 21.4125, -1, 42.675, 21.4125, 1, -42.675, 21.4125, -1, -42.675, 21.4125, -1, 42.675, -21.4125, 1, -42.675, -21.4125, 1, 42.675, -21.4125, -1, -42.675, -21.4125, 1, 42.675, -21.4125, -1, 42.675, -21.4125, -1, -42.675, 21.4125, 1, 42.675, -21.4125, 1, 42.675, 21.4125, 1, -42.675, -21.4125, 1, 42.675, -21.4125, 1, -42.675, 21.4125, 1, -42.675, -21.4125, -1, 42.675, 21.4125, -1, 42.675, -21.4125, -1, -42.675, 21.4125, -1, 42.675, 21.4125, -1, -42.675, -21.4125, -1, -42.675)

[sub_resource type="ConcavePolygonShape3D" id="ConcavePolygonShape3D_e2lxq"]
data = PackedVector3Array(-21.4125, 1, 42.675, 21.4125, 1, 42.675, -21.4125, -1, 42.675, 21.4125, 1, 42.675, 21.4125, -1, 42.675, -21.4125, -1, 42.675, 21.4125, 1, -42.675, -21.4125, 1, -42.675, 21.4125, -1, -42.675, -21.4125, 1, -42.675, -21.4125, -1, -42.675, 21.4125, -1, -42.675, 21.4125, 1, 42.675, 21.4125, 1, -42.675, 21.4125, -1, 42.675, 21.4125, 1, -42.675, 21.4125, -1, -42.675, 21.4125, -1, 42.675, -21.4125, 1, -42.675, -21.4125, 1, 42.675, -21.4125, -1, -42.675, -21.4125, 1, 42.675, -21.4125, -1, 42.675, -21.4125, -1, -42.675, 21.4125, 1, 42.675, -21.4125, 1, 42.675, 21.4125, 1, -42.675, -21.4125, 1, 42.675, -21.4125, 1, -42.675, 21.4125, 1, -42.675, -21.4125, -1, 42.675, 21.4125, -1, 42.675, -21.4125, -1, -42.675, 21.4125, -1, 42.675, 21.4125, -1, -42.675, -21.4125, -1, -42.675)

[sub_resource type="BoxMesh" id="BoxMesh_78hf1"]
size = Vector3(53.73, 2, 69.155)

[sub_resource type="ConcavePolygonShape3D" id="ConcavePolygonShape3D_raaq2"]
data = PackedVector3Array(-26.865, 1, 34.5775, 26.865, 1, 34.5775, -26.865, -1, 34.5775, 26.865, 1, 34.5775, 26.865, -1, 34.5775, -26.865, -1, 34.5775, 26.865, 1, -34.5775, -26.865, 1, -34.5775, 26.865, -1, -34.5775, -26.865, 1, -34.5775, -26.865, -1, -34.5775, 26.865, -1, -34.5775, 26.865, 1, 34.5775, 26.865, 1, -34.5775, 26.865, -1, 34.5775, 26.865, 1, -34.5775, 26.865, -1, -34.5775, 26.865, -1, 34.5775, -26.865, 1, -34.5775, -26.865, 1, 34.5775, -26.865, -1, -34.5775, -26.865, 1, 34.5775, -26.865, -1, 34.5775, -26.865, -1, -34.5775, 26.865, 1, 34.5775, -26.865, 1, 34.5775, 26.865, 1, -34.5775, -26.865, 1, 34.5775, -26.865, 1, -34.5775, 26.865, 1, -34.5775, -26.865, -1, 34.5775, 26.865, -1, 34.5775, -26.865, -1, -34.5775, 26.865, -1, 34.5775, 26.865, -1, -34.5775, -26.865, -1, -34.5775)

[sub_resource type="StandardMaterial3D" id="StandardMaterial3D_n0oho"]
metallic = 1.0
roughness = 0.0
texture_filter = 5

[sub_resource type="BoxShape3D" id="BoxShape3D_gxu67"]

[sub_resource type="StandardMaterial3D" id="StandardMaterial3D_72mn7"]
texture_filter = 5

[sub_resource type="BoxShape3D" id="BoxShape3D_ra78n"]

[sub_resource type="CapsuleMesh" id="CapsuleMesh_16kqw"]
radius = 0.04
height = 0.15

[node name="Node3D" type="Node3D"]

[node name="UI" parent="." node_paths=PackedStringArray("sun_light", "environment", "night_lights", "day_lights", "lamp_mesh_containers", "lamp_meshes", "scalable_night_lights") instance=ExtResource("32_q35xk")]
enable_profiler = true
sun_light = NodePath("../Sun")
environment = NodePath("../WorldEnvironment")
night_lights = NodePath("../Night Lights")
day_lights = NodePath("../Day Lights")
lamp_mesh_containers = [NodePath("../Section03/S3Lamps"), NodePath("../Section05/S5Lamps")]
lamp_meshes = [NodePath("../Section05/S5B1/Bistro_Research_Exterior_Paris_Flowers_01a___2__6025"), NodePath("../Section05/S5B1/Bistro_Research_Exterior_Paris_Flowers_01a1___2__6003")]
emissives = Array[StandardMaterial3D]([ExtResource("2_je3vt"), ExtResource("3_414o6"), ExtResource("4_m6wwl"), ExtResource("5_piy6g"), ExtResource("7_8yd0a"), ExtResource("8_vfdcb"), ExtResource("9_ksbxv"), ExtResource("10_5yr8b"), ExtResource("11_awwij"), ExtResource("12_xvt36")])
scalable_night_lights = NodePath("../Night Lights/StreetLamps")

[node name="WorldEnvironment" type="WorldEnvironment" parent="."]
environment = ExtResource("33_vhloy")
camera_attributes = ExtResource("30_pvdv2")

[node name="FogVolume" type="FogVolume" parent="."]
shape = 4
material = ExtResource("35_hsy4k")

[node name="Sun" type="DirectionalLight3D" parent="."]
transform = Transform3D(-0.154711, -0.78694, 0.59732, -5.96046e-08, 0.604599, 0.79653, -0.98796, 0.123231, -0.0935379, 0, 0, 0)
light_intensity_lux = 75000.0
light_temperature = 4250.0
shadow_enabled = true
directional_shadow_pancake_size = 40.0

[node name="Section01" type="Node3D" parent="."]

[node name="S1B1" parent="Section01" instance=ExtResource("1_17a2u")]

[node name="S1B2" parent="Section01" instance=ExtResource("2_8mtnr")]

[node name="S1B3" parent="Section01" instance=ExtResource("3_bis43")]

[node name="S1B4" parent="Section01" instance=ExtResource("4_ll7ne")]

[node name="S1Details" parent="Section01" instance=ExtResource("5_l1708")]

[node name="S1Lamps" parent="Section01" instance=ExtResource("6_kx4kb")]

[node name="S1Walls" parent="Section01" instance=ExtResource("7_2kc2q")]

[node name="Section02" type="Node3D" parent="."]

[node name="BistroProps" parent="Section02" instance=ExtResource("11_e4jub")]

[node name="BistroProps_Props" parent="Section02" instance=ExtResource("23_lunsi")]

[node name="Bistro_Lanterns" parent="Section02" instance=ExtResource("16_1sf6e")]

[node name="Bistro_StringLights" parent="Section02" instance=ExtResource("17_j1o0m")]

[node name="S2B1" parent="Section02" instance=ExtResource("8_anouh")]

[node name="S2B2" parent="Section02" instance=ExtResource("9_u4tpu")]

[node name="S2B3" parent="Section02" instance=ExtResource("10_ypp8l")]

[node name="S2Details" parent="Section02" instance=ExtResource("15_uu4ux")]

[node name="S2Ivy" parent="Section02" instance=ExtResource("12_lc6cf")]

[node name="S2Lamps" parent="Section02" instance=ExtResource("13_v0ve4")]

[node name="S2Walls" parent="Section02" instance=ExtResource("14_v6tgn")]

[node name="Section03" type="Node3D" parent="."]

[node name="S3B1" parent="Section03" instance=ExtResource("16_m1vvn")]

[node name="S3B2" parent="Section03" instance=ExtResource("17_4e0xd")]

[node name="S3B3" parent="Section03" instance=ExtResource("18_4ij38")]

[node name="S3B4" parent="Section03" instance=ExtResource("19_acyb5")]

[node name="S3Lamps" parent="Section03" instance=ExtResource("20_w5tey")]

[node name="Section04" type="Node3D" parent="."]

[node name="S4B1" parent="Section04" instance=ExtResource("21_7egcs")]

[node name="S4B2" parent="Section04" instance=ExtResource("22_k7idl")]

[node name="S4B3" parent="Section04" instance=ExtResource("23_256hy")]

[node name="S4B3_Props" parent="Section04" instance=ExtResource("41_renwl")]

[node name="Section05" type="Node3D" parent="."]

[node name="S5B1" parent="Section05" instance=ExtResource("24_0u2lm")]

[node name="S5B1_Props" parent="Section05" instance=ExtResource("43_a2awi")]

[node name="S5B2" parent="Section05" instance=ExtResource("25_tcv6v")]

[node name="S5B2_Props" parent="Section05" instance=ExtResource("45_v1415")]

[node name="S5Lamps" parent="Section05" instance=ExtResource("26_xvk4t")]

[node name="Ground" type="Node3D" parent="."]

[node name="Ground" parent="Ground" instance=ExtResource("3_e3k7r")]

[node name="LightBlocker" type="MeshInstance3D" parent="Ground"]
transform = Transform3D(0.204683, 0, 0.978828, 0, 1, 0, -0.978828, 0, 0.204683, -26.1256, -1.11495, 4.19985)
mesh = SubResource("BoxMesh_u4h6w")
surface_material_override/0 = SubResource("StandardMaterial3D_5sixh")

[node name="StaticBody3D" type="StaticBody3D" parent="Ground/LightBlocker"]

[node name="CollisionShape3D" type="CollisionShape3D" parent="Ground/LightBlocker/StaticBody3D"]
shape = SubResource("ConcavePolygonShape3D_85nr3")

[node name="LightBlocker2" type="MeshInstance3D" parent="Ground"]
transform = Transform3D(-0.982261, 0, 0.187518, 0, 1, 0, -0.187518, 0, -0.982261, -8.17619, -1.11495, 10.8598)
mesh = SubResource("BoxMesh_u4h6w")
surface_material_override/0 = SubResource("StandardMaterial3D_5sixh")

[node name="StaticBody3D" type="StaticBody3D" parent="Ground/LightBlocker2"]

[node name="CollisionShape3D" type="CollisionShape3D" parent="Ground/LightBlocker2/StaticBody3D"]
shape = SubResource("ConcavePolygonShape3D_e2lxq")

[node name="LightBlocker3" type="MeshInstance3D" parent="Ground"]
transform = Transform3D(-0.997512, 0, -0.070488, 0, 1, 0, 0.070488, 0, -0.997512, -3.0548, -1.11495, -55.1226)
mesh = SubResource("BoxMesh_78hf1")
surface_material_override/0 = SubResource("StandardMaterial3D_5sixh")

[node name="StaticBody3D" type="StaticBody3D" parent="Ground/LightBlocker3"]

[node name="CollisionShape3D" type="CollisionShape3D" parent="Ground/LightBlocker3/StaticBody3D"]
shape = SubResource("ConcavePolygonShape3D_raaq2")

[node name="MaterialCubeSpecular" type="RigidBody3D" parent="Ground"]
transform = Transform3D(0.215554, -0.109831, 0.970296, 0.453991, 0.891006, 0, -0.86454, 0.440505, 0.241922, -19.7624, 0.66317, 18.3268)

[node name="MeshInstance3D" type="MeshInstance3D" parent="Ground/MaterialCubeSpecular"]
gi_mode = 2
mesh = ExtResource("33_6648h")
surface_material_override/0 = SubResource("StandardMaterial3D_n0oho")

[node name="CollisionShape3D" type="CollisionShape3D" parent="Ground/MaterialCubeSpecular"]
shape = SubResource("BoxShape3D_gxu67")

[node name="MaterialCubeAlbedo" type="RigidBody3D" parent="Ground"]
transform = Transform3D(0.267238, -0.422428, 0.866105, 0, 0.898794, 0.438371, -0.96363, -0.117149, 0.240192, -44.9361, 0.641349, 3.37651)

[node name="MeshInstance3D" type="MeshInstance3D" parent="Ground/MaterialCubeAlbedo"]
gi_mode = 2
mesh = ExtResource("33_6648h")
surface_material_override/0 = SubResource("StandardMaterial3D_72mn7")

[node name="CollisionShape3D" type="CollisionShape3D" parent="Ground/MaterialCubeAlbedo"]
shape = SubResource("BoxShape3D_ra78n")

[node name="Day Lights" type="Node3D" parent="."]

[node name="HangingLight01" type="OmniLight3D" parent="Day Lights"]
transform = Transform3D(-0.453991, 0, 0.891006, 0, 1, 0, -0.891006, 0, -0.453991, -9.59775, 2.35211, -2.04602)
light_intensity_lumens = 10000.0
light_color = Color(1, 0.545098, 0.258824, 1)
light_cull_mask = 4294967293
distance_fade_enabled = true
distance_fade_begin = 45.0
omni_range = 2.665
omni_shadow_mode = 0

[node name="HangingLight02" type="OmniLight3D" parent="Day Lights"]
transform = Transform3D(-0.453991, 0, 0.891006, 0, 1, 0, -0.891006, 0, -0.453991, -12.5302, 2.35211, -1.85263)
light_intensity_lumens = 10000.0
light_color = Color(1, 0.545098, 0.258824, 1)
light_cull_mask = 4294967293
distance_fade_enabled = true
distance_fade_begin = 45.0
omni_range = 2.665
omni_shadow_mode = 0

[node name="HangingLight03" type="OmniLight3D" parent="Day Lights"]
transform = Transform3D(-0.453991, 0, 0.891006, 0, 1, 0, -0.891006, 0, -0.453991, -4.33624, 2.35211, -8.09314)
light_intensity_lumens = 10000.0
light_color = Color(1, 0.545098, 0.258824, 1)
light_cull_mask = 4294967293
distance_fade_enabled = true
distance_fade_begin = 45.0
omni_range = 2.665
omni_shadow_mode = 0

[node name="HangingLight04" type="OmniLight3D" parent="Day Lights"]
transform = Transform3D(-0.453991, 0, 0.891006, 0, 1, 0, -0.891006, 0, -0.453991, -4.66967, 2.35211, -11.286)
light_intensity_lumens = 10000.0
light_color = Color(1, 0.545098, 0.258824, 1)
light_cull_mask = 4294967293
distance_fade_enabled = true
distance_fade_begin = 45.0
omni_range = 2.665
omni_shadow_mode = 0

[node name="HangingLight05" type="OmniLight3D" parent="Day Lights"]
transform = Transform3D(-0.453991, 0, 0.891006, 0, 1, 0, -0.891006, 0, -0.453991, -5.15294, 2.35211, -14.3496)
light_intensity_lumens = 10000.0
light_color = Color(1, 0.545098, 0.258824, 1)
light_cull_mask = 4294967293
distance_fade_enabled = true
distance_fade_begin = 45.0
omni_range = 2.665
omni_shadow_mode = 0

[node name="Night Lights" type="Node3D" parent="."]
visible = false

[node name="StreetLamps" type="Node3D" parent="Night Lights"]

[node name="S2Lamp01" type="OmniLight3D" parent="Night Lights/StreetLamps"]
transform = Transform3D(-0.453991, 0, 0.891006, 0, 1, 0, -0.891006, 0, -0.453991, -1.12651, 4.40562, -17.089)
light_intensity_lumens = 200000.0
light_temperature = 2685.0
shadow_enabled = true
distance_fade_enabled = true
distance_fade_begin = 75.0
distance_fade_shadow = 20.0
omni_range = 10.0
omni_shadow_mode = 0

[node name="S2Lamp02" type="OmniLight3D" parent="Night Lights/StreetLamps"]
transform = Transform3D(-0.453991, 0, 0.891006, 0, 1, 0, -0.891006, 0, -0.453991, 4.86286, 4.40562, -8.59835)
light_intensity_lumens = 200000.0
light_temperature = 2685.0
shadow_enabled = true
distance_fade_enabled = true
distance_fade_begin = 75.0
distance_fade_shadow = 20.0
omni_range = 10.0
omni_shadow_mode = 0

[node name="S2Lamp03" type="OmniLight3D" parent="Night Lights/StreetLamps"]
transform = Transform3D(-0.453991, 0, 0.891006, 0, 1, 0, -0.891006, 0, -0.453991, -0.13826, 4.40562, -5.67691)
light_intensity_lumens = 200000.0
light_temperature = 2685.0
shadow_enabled = true
distance_fade_enabled = true
distance_fade_begin = 75.0
distance_fade_shadow = 20.0
omni_range = 10.0
omni_shadow_mode = 0

[node name="S2Lamp04" type="OmniLight3D" parent="Night Lights/StreetLamps"]
transform = Transform3D(-0.453991, 0, 0.891006, 0, 1, 0, -0.891006, 0, -0.453991, -7.38251, 4.40562, 0.756411)
light_intensity_lumens = 200000.0
light_temperature = 2685.0
shadow_enabled = true
distance_fade_enabled = true
distance_fade_begin = 75.0
distance_fade_shadow = 20.0
omni_range = 10.0
omni_shadow_mode = 0

[node name="S3Lamp01" type="OmniLight3D" parent="Night Lights/StreetLamps"]
transform = Transform3D(-0.453991, 0, 0.891006, 0, 1, 0, -0.891006, 0, -0.453991, 1.08493, 4.40562, 2.79209)
light_intensity_lumens = 200000.0
light_temperature = 2685.0
shadow_enabled = true
distance_fade_enabled = true
distance_fade_begin = 75.0
distance_fade_shadow = 20.0
omni_range = 10.0
omni_shadow_mode = 0

[node name="S5Lamp01" type="OmniLight3D" parent="Night Lights/StreetLamps"]
transform = Transform3D(-0.453991, 0, 0.891006, 0, 1, 0, -0.891006, 0, -0.453991, -27.6943, 4.40562, 1.3743)
light_intensity_lumens = 200000.0
light_temperature = 2685.0
shadow_enabled = true
distance_fade_enabled = true
distance_fade_begin = 75.0
distance_fade_shadow = 20.0
omni_range = 10.0
omni_shadow_mode = 0

[node name="S1Lamp01" type="OmniLight3D" parent="Night Lights/StreetLamps"]
transform = Transform3D(-0.453991, 0, 0.891006, 0, 1, 0, -0.891006, 0, -0.453991, 1.86657, 4.40562, -35.1456)
light_intensity_lumens = 200000.0
light_temperature = 2685.0
shadow_enabled = true
distance_fade_enabled = true
distance_fade_begin = 75.0
distance_fade_shadow = 20.0
omni_range = 10.0
omni_shadow_mode = 0

[node name="S1Lamp02" type="OmniLight3D" parent="Night Lights/StreetLamps"]
transform = Transform3D(-0.453991, 0, 0.891006, 0, 1, 0, -0.891006, 0, -0.453991, -5.17382, 4.40562, -47.8143)
light_intensity_lumens = 200000.0
light_temperature = 2685.0
shadow_enabled = true
distance_fade_enabled = true
distance_fade_begin = 75.0
distance_fade_shadow = 20.0
omni_range = 10.0
omni_shadow_mode = 0

[node name="S1Lamp03" type="OmniLight3D" parent="Night Lights/StreetLamps"]
transform = Transform3D(-0.453991, 0, 0.891006, 0, 1, 0, -0.891006, 0, -0.453991, 1.18969, 4.40562, -48.9017)
light_intensity_lumens = 200000.0
light_temperature = 2685.0
shadow_enabled = true
distance_fade_enabled = true
distance_fade_begin = 75.0
distance_fade_shadow = 20.0
omni_range = 10.0
omni_shadow_mode = 0

[node name="S1Lamp04" type="OmniLight3D" parent="Night Lights/StreetLamps"]
transform = Transform3D(-0.453991, 0, 0.891006, 0, 1, 0, -0.891006, 0, -0.453991, 7.95176, 4.40562, -58.9159)
light_intensity_lumens = 200000.0
light_temperature = 2685.0
shadow_enabled = true
distance_fade_enabled = true
distance_fade_begin = 75.0
distance_fade_shadow = 20.0
omni_range = 10.0
omni_shadow_mode = 0

[node name="S1Lamp05" type="OmniLight3D" parent="Night Lights/StreetLamps"]
transform = Transform3D(-0.453991, 0, 0.891006, 0, 1, 0, -0.891006, 0, -0.453991, 3.21388, 4.40562, -69.1854)
light_intensity_lumens = 200000.0
light_temperature = 2685.0
shadow_enabled = true
distance_fade_enabled = true
distance_fade_begin = 75.0
distance_fade_shadow = 20.0
omni_range = 10.0
omni_shadow_mode = 0

[node name="S5B1Lamp05" type="OmniLight3D" parent="Night Lights/StreetLamps"]
transform = Transform3D(-0.453991, 0, 0.891006, 0, 1, 0, -0.891006, 0, -0.453991, -12.8739, 4.42269, 23.3404)
light_intensity_lumens = 200000.0
light_temperature = 2685.0
shadow_enabled = true
distance_fade_enabled = true
distance_fade_begin = 75.0
distance_fade_shadow = 20.0
omni_range = 10.0
omni_shadow_mode = 0

[node name="Bistro Spotlights" type="Node3D" parent="Night Lights"]

[node name="BistroSpotlight_01" type="SpotLight3D" parent="Night Lights/Bistro Spotlights"]
transform = Transform3D(0.0879386, 0.533354, -0.841308, 0, 0.84458, 0.535429, 0.996126, -0.0470849, 0.0742712, -4.31723, 4.11749, -7.55808)
light_intensity_lumens = 15000.0
distance_fade_enabled = true
distance_fade_begin = 45.0
distance_fade_shadow = 20.0

[node name="BistroSpotlight_02" type="SpotLight3D" parent="Night Lights/Bistro Spotlights"]
transform = Transform3D(0.0879386, 0.533354, -0.841308, 0, 0.84458, 0.535429, 0.996126, -0.0470849, 0.0742712, -4.55149, 4.11749, -10.2117)
light_intensity_lumens = 15000.0
distance_fade_enabled = true
distance_fade_begin = 45.0
distance_fade_shadow = 20.0

[node name="BistroSpotlight_03" type="SpotLight3D" parent="Night Lights/Bistro Spotlights"]
transform = Transform3D(0.0879386, 0.533354, -0.841308, 0, 0.84458, 0.535429, 0.996126, -0.0470849, 0.0742712, -4.75046, 4.11749, -12.4655)
light_intensity_lumens = 15000.0
distance_fade_enabled = true
distance_fade_begin = 45.0
distance_fade_shadow = 20.0

[node name="BistroSpotlight_04" type="SpotLight3D" parent="Night Lights/Bistro Spotlights"]
transform = Transform3D(0.0879386, 0.533354, -0.841308, 0, 0.84458, 0.535429, 0.996126, -0.0470849, 0.0742712, -4.97261, 4.11749, -14.9819)
light_intensity_lumens = 15000.0
distance_fade_enabled = true
distance_fade_begin = 45.0
distance_fade_shadow = 20.0

[node name="BistroSpotlight_05" type="SpotLight3D" parent="Night Lights/Bistro Spotlights"]
transform = Transform3D(-0.615688, 0.724993, -0.308727, 0, 0.391791, 0.920054, 0.78799, 0.566467, -0.241221, -4.6536, 2.58611, -5.32084)
light_intensity_lumens = 15000.0
distance_fade_enabled = true
distance_fade_begin = 45.0
distance_fade_shadow = 20.0
spot_angle = 40.0

[node name="BistroSpotlight_06" type="SpotLight3D" parent="Night Lights/Bistro Spotlights"]
transform = Transform3D(-0.615688, 0.726296, -0.30565, -7.45058e-09, 0.387886, 0.921707, 0.78799, 0.567485, -0.238817, -6.83811, 2.6351, -2.58086)
light_intensity_lumens = 15000.0
distance_fade_enabled = true
distance_fade_begin = 45.0
distance_fade_shadow = 20.0
spot_angle = 40.0

[node name="BistroSpotlight_07" type="SpotLight3D" parent="Night Lights/Bistro Spotlights"]
transform = Transform3D(-0.999539, -0.0246411, 0.0177423, 1.86265e-08, 0.58432, 0.811523, -0.030364, 0.811149, -0.584051, -16.556, 4.12105, -2.29738)
light_intensity_lumens = 15000.0
distance_fade_enabled = true
distance_fade_begin = 45.0
distance_fade_shadow = 20.0
spot_angle = 34.4106

[node name="BistroSpotlight_08" type="SpotLight3D" parent="Night Lights/Bistro Spotlights"]
transform = Transform3D(-0.999539, -0.0246411, 0.0177423, 1.86265e-08, 0.58432, 0.811523, -0.030364, 0.811149, -0.584051, -13.9278, 4.12105, -2.21755)
light_intensity_lumens = 15000.0
distance_fade_enabled = true
distance_fade_begin = 45.0
distance_fade_shadow = 20.0
spot_angle = 34.4106

[node name="BistroSpotlight_09" type="SpotLight3D" parent="Night Lights/Bistro Spotlights"]
transform = Transform3D(-0.999539, -0.0246411, 0.0177423, 1.86265e-08, 0.58432, 0.811523, -0.030364, 0.811149, -0.584051, -11.604, 4.12105, -2.14696)
light_intensity_lumens = 15000.0
distance_fade_enabled = true
distance_fade_begin = 45.0
distance_fade_shadow = 20.0
spot_angle = 34.4106

[node name="BistroSpotlight_10" type="SpotLight3D" parent="Night Lights/Bistro Spotlights"]
transform = Transform3D(-0.999539, -0.0246411, 0.0177423, 1.86265e-08, 0.58432, 0.811523, -0.030364, 0.811149, -0.584051, -9.13468, 4.12105, -2.07194)
light_intensity_lumens = 15000.0
distance_fade_enabled = true
distance_fade_begin = 45.0
distance_fade_shadow = 20.0
spot_angle = 34.4106

[node name="Building Spotlights" type="Node3D" parent="Night Lights"]

[node name="GallerySpotlight01" type="SpotLight3D" parent="Night Lights/Building Spotlights"]
transform = Transform3D(-0.399181, -0.870748, -0.287146, -1.86264e-09, 0.31318, -0.949694, 0.916872, -0.379099, -0.125015, 2.61484, 9.03777, 5.33599)
light_intensity_lumens = 15000.0
distance_fade_enabled = true
distance_fade_begin = 45.0
distance_fade_shadow = 20.0
spot_angle = 34.4106

[node name="GallerySpotlight02" type="SpotLight3D" parent="Night Lights/Building Spotlights"]
transform = Transform3D(-0.399181, -0.870748, -0.287146, -1.86265e-09, 0.31318, -0.949694, 0.916872, -0.379099, -0.125015, 0.30083, 9.07438, 10.9489)
light_intensity_lumens = 15000.0
distance_fade_enabled = true
distance_fade_begin = 45.0
distance_fade_shadow = 20.0
spot_angle = 34.4106

[node name="GallerySpotlight03" type="SpotLight3D" parent="Night Lights/Building Spotlights"]
transform = Transform3D(-0.399181, -0.870748, -0.287146, -1.86265e-09, 0.31318, -0.949694, 0.916872, -0.379099, -0.125015, -2.2604, 9.07438, 15.017)
light_intensity_lumens = 15000.0
distance_fade_enabled = true
distance_fade_begin = 45.0
distance_fade_shadow = 20.0
spot_angle = 34.4106

[node name="GallerySpotlight04" type="SpotLight3D" parent="Night Lights/Building Spotlights"]
transform = Transform3D(-0.399181, -0.870748, -0.287146, -1.86265e-09, 0.31318, -0.949694, 0.916872, -0.379099, -0.125015, -3.35136, 9.07438, 19.7487)
light_intensity_lumens = 15000.0
distance_fade_enabled = true
distance_fade_begin = 45.0
distance_fade_shadow = 20.0
spot_angle = 34.4106

[node name="GallerySpotlight05" type="SpotLight3D" parent="Night Lights/Building Spotlights"]
transform = Transform3D(-0.399181, -0.870748, -0.287146, -1.86265e-09, 0.31318, -0.949694, 0.916872, -0.379099, -0.125015, -5.5986, 9.07438, 25.4001)
light_intensity_lumens = 15000.0
distance_fade_enabled = true
distance_fade_begin = 45.0
distance_fade_shadow = 20.0
spot_angle = 34.4106

[node name="S1B4Spotlight01" type="SpotLight3D" parent="Night Lights/Building Spotlights"]
transform = Transform3D(0.078981, 0.967818, 0.238937, 0, -0.239686, 0.97085, 0.996876, -0.0766787, -0.0189306, -8.23595, 2.72101, -42.6372)
light_intensity_lumens = 10000.0
distance_fade_enabled = true
distance_fade_begin = 45.0
distance_fade_shadow = 20.0
spot_range = 3.652
spot_angle = 29.78
spot_angle_attenuation = 0.840896

[node name="S1B4Spotlight02" type="SpotLight3D" parent="Night Lights/Building Spotlights"]
transform = Transform3D(0.078981, 0.967818, 0.238937, 0, -0.239686, 0.97085, 0.996876, -0.0766787, -0.0189306, -8.51958, 2.7277, -45.5472)
light_intensity_lumens = 10000.0
distance_fade_enabled = true
distance_fade_begin = 45.0
distance_fade_shadow = 20.0
spot_range = 3.652
spot_angle = 29.78
spot_angle_attenuation = 0.840896

[node name="S1B3Spotlight01" type="SpotLight3D" parent="Night Lights/Building Spotlights"]
transform = Transform3D(0.078981, 0.984581, -0.156083, -1.49012e-08, 0.156572, 0.987667, 0.996876, -0.0780068, 0.0123662, 5.24875, 2.34098, -42.7708)
light_intensity_lumens = 10000.0
distance_fade_enabled = true
distance_fade_begin = 45.0
distance_fade_shadow = 20.0
spot_range = 3.652
spot_angle = 53.17
spot_angle_attenuation = 0.840896

[node name="S1B3Spotlight02" type="SpotLight3D" parent="Night Lights/Building Spotlights"]
transform = Transform3D(0.078981, 0.984581, -0.156083, -1.49012e-08, 0.156572, 0.987667, 0.996876, -0.0780068, 0.0123662, 5.2931, 2.42414, -44.1988)
light_intensity_lumens = 10000.0
distance_fade_enabled = true
distance_fade_begin = 45.0
distance_fade_shadow = 20.0
spot_range = 2.86
spot_angle = 35.95
spot_angle_attenuation = 0.840896

[node name="S1B3Spotlight03" type="SpotLight3D" parent="Night Lights/Building Spotlights"]
transform = Transform3D(0.078981, 0.984581, -0.156083, -1.49012e-08, 0.156572, 0.987667, 0.996876, -0.0780068, 0.0123662, 5.5123, 2.4211, -41.3683)
light_intensity_lumens = 10000.0
distance_fade_enabled = true
distance_fade_begin = 45.0
distance_fade_shadow = 20.0
spot_range = 2.86
spot_angle = 35.95
spot_angle_attenuation = 0.840896

[node name="S1B3Spotlight04" type="SpotLight3D" parent="Night Lights/Building Spotlights"]
transform = Transform3D(0.078981, 0.984581, -0.156083, -1.49012e-08, 0.156572, 0.987667, 0.996876, -0.0780068, 0.0123662, 6.41558, 3.15161, -36.9362)
light_intensity_lumens = 10000.0
distance_fade_enabled = true
distance_fade_begin = 45.0
distance_fade_shadow = 20.0
spot_range = 2.86
spot_angle = 35.95
spot_angle_attenuation = 0.840896

[node name="S5B2Spotlight01" type="SpotLight3D" parent="Night Lights/Building Spotlights"]
transform = Transform3D(0.955253, 0.295756, -0.004548, -2.98023e-08, 0.0153758, 0.999882, 0.295791, -0.95514, 0.0146878, -32.4059, 2.37371, 4.64527)
light_intensity_lumens = 10000.0
distance_fade_enabled = true
distance_fade_begin = 45.0
distance_fade_shadow = 20.0
spot_range = 3.652
spot_angle = 29.78
spot_angle_attenuation = 0.840896

[node name="S5B2Spotlight02" type="SpotLight3D" parent="Night Lights/Building Spotlights"]
transform = Transform3D(0.955253, 0.295756, -0.004548, -2.98023e-08, 0.0153758, 0.999882, 0.295791, -0.95514, 0.0146878, -33.7528, 2.3744, 4.18158)
light_intensity_lumens = 10000.0
distance_fade_enabled = true
distance_fade_begin = 45.0
distance_fade_shadow = 20.0
spot_range = 3.652
spot_angle = 29.78
spot_angle_attenuation = 0.840896

[node name="S5B2Spotlight03" type="SpotLight3D" parent="Night Lights/Building Spotlights"]
transform = Transform3D(0.955253, 0.295756, -0.004548, -2.98023e-08, 0.0153758, 0.999882, 0.295791, -0.95514, 0.0146878, -35.1123, 2.37359, 3.81576)
light_intensity_lumens = 10000.0
distance_fade_enabled = true
distance_fade_begin = 45.0
distance_fade_shadow = 20.0
spot_range = 3.652
spot_angle = 29.78
spot_angle_attenuation = 0.840896

[node name="S4B2Spotlight01" type="SpotLight3D" parent="Night Lights/Building Spotlights"]
transform = Transform3D(-0.99708, -0.0762322, -0.00454798, -0.00341456, -0.0149918, 0.999882, -0.0762914, 0.996977, 0.0146877, -34.0977, 2.65988, -5.57127)
light_intensity_lumens = 10000.0
distance_fade_enabled = true
distance_fade_begin = 45.0
distance_fade_shadow = 20.0
spot_range = 3.652
spot_angle = 29.78
spot_angle_attenuation = 0.840896

[node name="S4B2Spotlight02" type="SpotLight3D" parent="Night Lights/Building Spotlights"]
transform = Transform3D(-0.99708, -0.0762322, -0.00454798, -0.00341456, -0.0149918, 0.999882, -0.0762914, 0.996977, 0.0146877, -31.1903, 2.70051, -5.38301)
light_intensity_lumens = 10000.0
distance_fade_enabled = true
distance_fade_begin = 45.0
distance_fade_shadow = 20.0
spot_range = 3.652
spot_angle = 29.78
spot_angle_attenuation = 0.840896

[node name="S4B1Spotlight01" type="SpotLight3D" parent="Night Lights/Building Spotlights"]
transform = Transform3D(-0.970391, -0.210285, -0.118837, -0.000865773, -0.488965, 0.872303, -0.241539, 0.846578, 0.474305, -25.208, 3.22442, -4.10977)
light_intensity_lumens = 10000.0
distance_fade_enabled = true
distance_fade_begin = 45.0
distance_fade_shadow = 20.0
spot_range = 3.28322
spot_angle = 47.322
spot_angle_attenuation = 0.840896

[node name="S4B1Spotlight02" type="SpotLight3D" parent="Night Lights/Building Spotlights"]
transform = Transform3D(-0.970391, -0.210285, -0.118837, -0.000865773, -0.488965, 0.872303, -0.241539, 0.846578, 0.474305, -19.1887, 3.26987, -2.80223)
light_intensity_lumens = 10000.0
distance_fade_enabled = true
distance_fade_begin = 45.0
distance_fade_shadow = 20.0
spot_range = 3.04213
spot_angle = 45.4374
spot_angle_attenuation = 0.840896

[node name="Building_Lamps" type="Node3D" parent="Night Lights"]

[node name="GalleryLamp01" type="OmniLight3D" parent="Night Lights/Building_Lamps"]
transform = Transform3D(-0.453991, 0, 0.891006, 0, 1, 0, -0.891006, 0, -0.453991, 2.06258, 4.01243, 6.79796)
light_intensity_lumens = 60000.0
light_temperature = 4000.0
light_color = Color(1, 0.792157, 0.6, 1)
light_energy = 0.639
light_volumetric_fog_energy = 3.0
distance_fade_enabled = true
distance_fade_begin = 45.0
omni_shadow_mode = 0

[node name="GalleryLamp02" type="OmniLight3D" parent="Night Lights/Building_Lamps"]
transform = Transform3D(-0.453991, 0, 0.891006, 0, 1, 0, -0.891006, 0, -0.453991, -0.839651, 4.01243, 12.8304)
light_intensity_lumens = 60000.0
light_temperature = 4000.0
light_color = Color(1, 0.792157, 0.6, 1)
light_energy = 0.639
light_volumetric_fog_energy = 3.0
distance_fade_enabled = true
distance_fade_begin = 45.0
omni_shadow_mode = 0

[node name="GalleryLamp03" type="OmniLight3D" parent="Night Lights/Building_Lamps"]
transform = Transform3D(-0.453991, 0, 0.891006, 0, 1, 0, -0.891006, 0, -0.453991, -2.68006, 4.01243, 17.3394)
light_intensity_lumens = 60000.0
light_temperature = 4000.0
light_color = Color(1, 0.792157, 0.6, 1)
light_energy = 0.639
light_volumetric_fog_energy = 3.0
distance_fade_enabled = true
distance_fade_begin = 45.0
omni_shadow_mode = 0

[node name="GalleryLamp04" type="OmniLight3D" parent="Night Lights/Building_Lamps"]
transform = Transform3D(-0.453991, 0, 0.891006, 0, 1, 0, -0.891006, 0, -0.453991, -4.91972, 4.01748, 23.7676)
light_intensity_lumens = 60000.0
light_temperature = 4000.0
light_color = Color(1, 0.792157, 0.6, 1)
light_energy = 0.639
light_volumetric_fog_energy = 3.0
distance_fade_enabled = true
distance_fade_begin = 45.0
omni_shadow_mode = 0

[node name="S1B4Lamp01" type="OmniLight3D" parent="Night Lights/Building_Lamps"]
transform = Transform3D(-0.453991, 0, 0.891006, 0, 1, 0, -0.891006, 0, -0.453991, -7.28938, 4.01704, -40.609)
light_intensity_lumens = 50000.0
light_temperature = 2700.0
distance_fade_enabled = true
distance_fade_begin = 45.0
omni_range = 6.5
omni_attenuation = 0.965936
omni_shadow_mode = 0

[node name="S2B1Lamp01" type="OmniLight3D" parent="Night Lights/Building_Lamps"]
transform = Transform3D(-0.453991, 0, 0.891006, 0, 1, 0, -0.891006, 0, -0.453991, -3.51947, 4.01704, -31.4288)
light_intensity_lumens = 50000.0
light_temperature = 2700.0
distance_fade_enabled = true
distance_fade_begin = 45.0
omni_range = 6.5
omni_attenuation = 0.965936
omni_shadow_mode = 0

[node name="S5B1Lamp01" type="OmniLight3D" parent="Night Lights/Building_Lamps"]
transform = Transform3D(-0.453991, 0, 0.891006, 0, 1, 0, -0.891006, 0, -0.453991, -11.208, 4.01748, 18.797)
light_intensity_lumens = 50000.0
light_temperature = 2700.0
distance_fade_enabled = true
distance_fade_begin = 45.0
omni_range = 6.5
omni_attenuation = 0.965936
omni_shadow_mode = 0

[node name="S5B1Lamp02" type="OmniLight3D" parent="Night Lights/Building_Lamps"]
transform = Transform3D(-0.453991, 0, 0.891006, 0, 1, 0, -0.891006, 0, -0.453991, -8.95845, 4.01748, 10.6706)
light_intensity_lumens = 50000.0
light_temperature = 2700.0
distance_fade_enabled = true
distance_fade_begin = 45.0
omni_range = 6.5
omni_attenuation = 0.965936
omni_shadow_mode = 0

[node name="S5B1Lamp03" type="OmniLight3D" parent="Night Lights/Building_Lamps"]
transform = Transform3D(-0.453991, 0, 0.891006, 0, 1, 0, -0.891006, 0, -0.453991, -12.3868, 4.01748, 8.18672)
light_intensity_lumens = 50000.0
light_temperature = 2700.0
distance_fade_enabled = true
distance_fade_begin = 45.0
omni_range = 6.5
omni_attenuation = 0.965936
omni_shadow_mode = 0

[node name="S5B1Lamp04" type="OmniLight3D" parent="Night Lights/Building_Lamps"]
transform = Transform3D(-0.453991, 0, 0.891006, 0, 1, 0, -0.891006, 0, -0.453991, -22.0024, 4.19774, 5.50787)
light_intensity_lumens = 50000.0
light_temperature = 2700.0
distance_fade_enabled = true
distance_fade_begin = 45.0
omni_range = 6.5
omni_attenuation = 0.965936
omni_shadow_mode = 0

[node name="S3B3Lamp01" type="OmniLight3D" parent="Night Lights/Building_Lamps"]
transform = Transform3D(-0.453991, 0, 0.891006, 0, 1, 0, -0.891006, 0, -0.453991, -8.14743, 3.2133, 30.1669)
light_intensity_lumens = 50000.0
light_temperature = 2700.0
distance_fade_enabled = true
distance_fade_begin = 45.0
omni_range = 6.5
omni_attenuation = 0.965936
omni_shadow_mode = 0

[node name="S3B3Lamp02" type="OmniLight3D" parent="Night Lights/Building_Lamps"]
transform = Transform3D(-0.453991, 0, 0.891006, 0, 1, 0, -0.891006, 0, -0.453991, -12.6135, 3.2133, 30.492)
light_intensity_lumens = 50000.0
light_temperature = 2700.0
distance_fade_enabled = true
distance_fade_begin = 45.0
omni_range = 6.5
omni_attenuation = 0.965936
omni_shadow_mode = 0

[node name="S4B1Lamp01" type="OmniLight3D" parent="Night Lights/Building_Lamps"]
transform = Transform3D(-0.453991, 0, 0.891006, 0, 1, 0, -0.891006, 0, -0.453991, -29.1337, 4.56285, -4.19289)
light_intensity_lumens = 50000.0
light_temperature = 2700.0
distance_fade_enabled = true
distance_fade_begin = 45.0
omni_range = 6.5
omni_attenuation = 0.965936
omni_shadow_mode = 0

[node name="S4B3Lamp01" type="OmniLight3D" parent="Night Lights/Building_Lamps"]
transform = Transform3D(-0.453991, 0, 0.891006, 0, 1, 0, -0.891006, 0, -0.453991, -46.9975, 4.48853, -5.51909)
light_intensity_lumens = 50000.0
light_temperature = 2700.0
distance_fade_enabled = true
distance_fade_begin = 45.0
omni_range = 6.5
omni_attenuation = 0.965936
omni_shadow_mode = 0

[node name="S4B3Lamp02" type="OmniLight3D" parent="Night Lights/Building_Lamps"]
