[gd_scene load_steps=90 format=3 uid="uid://dcgtpj2gjbxgl"]

[ext_resource type="PackedScene" uid="uid://x65cq1udsqsf" path="res://Scenes/Section01/S1B1.tscn" id="1_17a2u"]
[ext_resource type="PackedScene" uid="uid://eo1atg6pdllw" path="res://Scenes/Section01/S1B2.tscn" id="2_8mtnr"]
[ext_resource type="Material" uid="uid://cbufshjju7lvd" path="res://Materials/Miscellaneous/Shopsign_Pharmacy_Emissive.tres" id="2_je3vt"]
[ext_resource type="Material" uid="uid://de2c14t65vd2i" path="res://Materials/Miscellaneous/Shopsign_Book_Store_Emissive.tres" id="3_414o6"]
[ext_resource type="PackedScene" uid="uid://bgt0h0f43llsf" path="res://Scenes/Section01/S1B3.tscn" id="3_bis43"]
[ext_resource type="PackedScene" uid="uid://bumtkl0ox2bxf" path="res://Scenes/Ground.tscn" id="3_e3k7r"]
[ext_resource type="PackedScene" uid="uid://du8nt2wqwtlkg" path="res://Scenes/Section01/S1B4.tscn" id="4_ll7ne"]
[ext_resource type="Material" uid="uid://t1kioepb34kc" path="res://Materials/Lights/StreetLight_Bulb.tres" id="4_m6wwl"]
[ext_resource type="PackedScene" uid="uid://1h46fckn3rr5" path="res://Scenes/Section01/S1Details.tscn" id="5_l1708"]
[ext_resource type="Material" uid="uid://blcwr4ltx5kto" path="res://Materials/Lights/Spotlight_Glass_Emissive.tres" id="5_piy6g"]
[ext_resource type="PackedScene" uid="uid://cbs4svf33bg3p" path="res://Scenes/Section01/S1Lamps.tscn" id="6_kx4kb"]
[ext_resource type="PackedScene" uid="uid://ccmnlkssgfvk7" path="res://Scenes/Section01/S1Walls.tscn" id="7_2kc2q"]
[ext_resource type="Material" uid="uid://b6dx1tpevicfc" path="res://Materials/Lights/StringLight_Blue.tres" id="7_8yd0a"]
[ext_resource type="PackedScene" uid="uid://dthil5porgf21" path="res://Scenes/Section02/S2B1.tscn" id="8_anouh"]
[ext_resource type="Material" uid="uid://pub4k2cqjy50" path="res://Materials/Lights/StringLight_Green.tres" id="8_vfdcb"]
[ext_resource type="Material" uid="uid://cnrxe37qqbo5e" path="res://Materials/Lights/StringLight_Orange.tres" id="9_ksbxv"]
[ext_resource type="PackedScene" uid="uid://cjnm1rusd0kcd" path="res://Scenes/Section02/S2B2.tscn" id="9_u4tpu"]
[ext_resource type="Material" uid="uid://bh3xso5831lxm" path="res://Materials/Lights/StringLight_Pink.tres" id="10_5yr8b"]
[ext_resource type="PackedScene" uid="uid://srx8s5o73xw0" path="res://Scenes/Section02/S2B3.tscn" id="10_ypp8l"]
[ext_resource type="Material" uid="uid://bi8tfpoad535y" path="res://Materials/Lights/StringLight_Red.tres" id="11_awwij"]
[ext_resource type="PackedScene" uid="uid://dpgfbsr7n2bm8" path="res://Scenes/Section02/BistroProps.tscn" id="11_e4jub"]
[ext_resource type="PackedScene" uid="uid://d4b75rgbhmhow" path="res://Scenes/Section02/S2Ivy.tscn" id="12_lc6cf"]
[ext_resource type="Material" uid="uid://ivcxxvgm585r" path="res://Materials/Lights/StringLight_White.tres" id="12_xvt36"]
[ext_resource type="PackedScene" uid="uid://biak8e4cv0isu" path="res://Scenes/Section02/S2Lamps.tscn" id="13_v0ve4"]
[ext_resource type="PackedScene" uid="uid://u5uvyrtg8ns" path="res://Scenes/Section02/S2Walls.tscn" id="14_v6tgn"]
[ext_resource type="PackedScene" uid="uid://bij2ka0wuj53c" path="res://Scenes/Section02/S2Details.tscn" id="15_uu4ux"]
[ext_resource type="PackedScene" uid="uid://c7x2605gbo88t" path="res://Scenes/Section02/Bistro_Lanterns.tscn" id="16_1sf6e"]
[ext_resource type="PackedScene" uid="uid://b62ieebpxbuin" path="res://Scenes/Section03/S3B1.tscn" id="16_m1vvn"]
[ext_resource type="PackedScene" uid="uid://q5n4wbhxihjp" path="res://Scenes/Section03/S3B2.tscn" id="17_4e0xd"]
[ext_resource type="PackedScene" uid="uid://ncj04jk76gn0" path="res://Scenes/Section02/Bistro_StringLights.tscn" id="17_j1o0m"]
[ext_resource type="PackedScene" uid="uid://chlhxyb30n5bj" path="res://Scenes/Section03/S3B3.tscn" id="18_4ij38"]
[ext_resource type="PackedScene" uid="uid://cou4bgmlcrc2" path="res://Scenes/Section03/S3B4.tscn" id="19_acyb5"]
[ext_resource type="PackedScene" uid="uid://8lyr6devevqc" path="res://Scenes/Section03/S3Lamps.tscn" id="20_w5tey"]
[ext_resource type="PackedScene" uid="uid://0rjacw3hrc2a" path="res://Scenes/Section04/S4B1.tscn" id="21_7egcs"]
[ext_resource type="PackedScene" uid="uid://d0oo6ukycpqtf" path="res://Scenes/Section01/S1Lamps_Props.tscn" id="21_yopo6"]
[ext_resource type="PackedScene" uid="uid://dg2ssh4rfvemk" path="res://Scenes/Section04/S4B2.tscn" id="22_k7idl"]
[ext_resource type="PackedScene" uid="uid://dhbajvc40q32m" path="res://Scenes/Section04/S4B3.tscn" id="23_256hy"]
[ext_resource type="PackedScene" uid="uid://7pvp17b3ediw" path="res://Scenes/Section02/BistroProps_Props.tscn" id="23_lunsi"]
[ext_resource type="PackedScene" uid="uid://c12tht4kio8pw" path="res://Scenes/Section05/S5B1.tscn" id="24_0u2lm"]
[ext_resource type="PackedScene" uid="uid://del44lwpj48x1" path="res://Scenes/Section05/S5B2.tscn" id="25_tcv6v"]
[ext_resource type="PackedScene" uid="uid://ckb5gvf1swqgf" path="res://Scenes/Section05/S5Lamps.tscn" id="26_xvk4t"]
[ext_resource type="CameraAttributesPractical" uid="uid://c5r7ambhbw168" path="res://Resources/BistroCameraAttributesPractical.tres" id="30_pvdv2"]
[ext_resource type="PackedScene" uid="uid://b5i411e430syd" path="res://Godot-Human-For-Scale/Human-For-Scale.tscn" id="31_gaxn2"]
[ext_resource type="PackedScene" uid="uid://ckt8i0dx43ex0" path="res://Scenes/UI.tscn" id="32_q35xk"]
[ext_resource type="ArrayMesh" uid="uid://pw3fun5eaf0n" path="res://Meshes/rounded_cube.obj" id="33_6648h"]
[ext_resource type="PackedScene" uid="uid://djmap33l1n2u6" path="res://Scenes/Section02/S2Lamps_Props.tscn" id="33_k0qq7"]
[ext_resource type="Environment" uid="uid://bevtu3gehmb2j" path="res://Resources/WorldEnvironment.tres" id="33_vhloy"]
[ext_resource type="Material" uid="uid://elgkttuqw3r" path="res://Materials/FogMaterial.tres" id="35_hsy4k"]
[ext_resource type="PackedScene" uid="uid://bjgd3j6klx44v" path="res://Scenes/Section03/S3Lamps_Props.tscn" id="40_mmbd0"]
[ext_resource type="PackedScene" uid="uid://cos8ymay0y3os" path="res://Scenes/Section04/S4B3_Props.tscn" id="41_renwl"]
[ext_resource type="PackedScene" uid="uid://dfhhloubmolfj" path="res://Scenes/Section05/S5B1_Props.tscn" id="43_a2awi"]
[ext_resource type="PackedScene" uid="uid://doh36w0se2tbx" path="res://Scenes/Section05/S5B2_Props.tscn" id="45_v1415"]
[ext_resource type="PackedScene" uid="uid://gaq3qqqqv8xx" path="res://Scenes/Section05/S5Lamps_Props.tscn" id="50_tx67g"]
[ext_resource type="Material" uid="uid://bw1jumvewrd6k" path="res://Materials/Stone/Concrete_Smooth.tres" id="52_6bcdg"]
[ext_resource type="Material" uid="uid://bbgxykd37frx0" path="res://Materials/Stone/Brick_Small_Red_Blend.tres" id="53_ta26q"]
[ext_resource type="Material" uid="uid://tynp4gabi3x5" path="res://Materials/Blocker.tres" id="55_ad3hv"]

[sub_resource type="BoxMesh" id="BoxMesh_u4h6w"]
size = Vector3(42.825, 3, 85.35)

[sub_resource type="StandardMaterial3D" id="StandardMaterial3D_5sixh"]
albedo_color = Color(0.0470588, 0.0196078, 0.00392157, 1)

[sub_resource type="ConcavePolygonShape3D" id="ConcavePolygonShape3D_4t7qv"]
data = PackedVector3Array(-21.4125, 1.5, 42.675, 21.4125, 1.5, 42.675, -21.4125, -1.5, 42.675, 21.4125, 1.5, 42.675, 21.4125, -1.5, 42.675, -21.4125, -1.5, 42.675, 21.4125, 1.5, -42.675, -21.4125, 1.5, -42.675, 21.4125, -1.5, -42.675, -21.4125, 1.5, -42.675, -21.4125, -1.5, -42.675, 21.4125, -1.5, -42.675, 21.4125, 1.5, 42.675, 21.4125, 1.5, -42.675, 21.4125, -1.5, 42.675, 21.4125, 1.5, -42.675, 21.4125, -1.5, -42.675, 21.4125, -1.5, 42.675, -21.4125, 1.5, -42.675, -21.4125, 1.5, 42.675, -21.4125, -1.5, -42.675, -21.4125, 1.5, 42.675, -21.4125, -1.5, 42.675, -21.4125, -1.5, -42.675, 21.4125, 1.5, 42.675, -21.4125, 1.5, 42.675, 21.4125, 1.5, -42.675, -21.4125, 1.5, 42.675, -21.4125, 1.5, -42.675, 21.4125, 1.5, -42.675, -21.4125, -1.5, 42.675, 21.4125, -1.5, 42.675, -21.4125, -1.5, -42.675, 21.4125, -1.5, 42.675, 21.4125, -1.5, -42.675, -21.4125, -1.5, -42.675)

[sub_resource type="ConcavePolygonShape3D" id="ConcavePolygonShape3D_67qw4"]
data = PackedVector3Array(-21.4125, 1.5, 42.675, 21.4125, 1.5, 42.675, -21.4125, -1.5, 42.675, 21.4125, 1.5, 42.675, 21.4125, -1.5, 42.675, -21.4125, -1.5, 42.675, 21.4125, 1.5, -42.675, -21.4125, 1.5, -42.675, 21.4125, -1.5, -42.675, -21.4125, 1.5, -42.675, -21.4125, -1.5, -42.675, 21.4125, -1.5, -42.675, 21.4125, 1.5, 42.675, 21.4125, 1.5, -42.675, 21.4125, -1.5, 42.675, 21.4125, 1.5, -42.675, 21.4125, -1.5, -42.675, 21.4125, -1.5, 42.675, -21.4125, 1.5, -42.675, -21.4125, 1.5, 42.675, -21.4125, -1.5, -42.675, -21.4125, 1.5, 42.675, -21.4125, -1.5, 42.675, -21.4125, -1.5, -42.675, 21.4125, 1.5, 42.675, -21.4125, 1.5, 42.675, 21.4125, 1.5, -42.675, -21.4125, 1.5, 42.675, -21.4125, 1.5, -42.675, 21.4125, 1.5, -42.675, -21.4125, -1.5, 42.675, 21.4125, -1.5, 42.675, -21.4125, -1.5, -42.675, 21.4125, -1.5, 42.675, 21.4125, -1.5, -42.675, -21.4125, -1.5, -42.675)

[sub_resource type="BoxMesh" id="BoxMesh_78hf1"]
size = Vector3(53.73, 3, 69.155)

[sub_resource type="ConcavePolygonShape3D" id="ConcavePolygonShape3D_xtpi4"]
data = PackedVector3Array(-26.865, 1.5, 34.5775, 26.865, 1.5, 34.5775, -26.865, -1.5, 34.5775, 26.865, 1.5, 34.5775, 26.865, -1.5, 34.5775, -26.865, -1.5, 34.5775, 26.865, 1.5, -34.5775, -26.865, 1.5, -34.5775, 26.865, -1.5, -34.5775, -26.865, 1.5, -34.5775, -26.865, -1.5, -34.5775, 26.865, -1.5, -34.5775, 26.865, 1.5, 34.5775, 26.865, 1.5, -34.5775, 26.865, -1.5, 34.5775, 26.865, 1.5, -34.5775, 26.865, -1.5, -34.5775, 26.865, -1.5, 34.5775, -26.865, 1.5, -34.5775, -26.865, 1.5, 34.5775, -26.865, -1.5, -34.5775, -26.865, 1.5, 34.5775, -26.865, -1.5, 34.5775, -26.865, -1.5, -34.5775, 26.865, 1.5, 34.5775, -26.865, 1.5, 34.5775, 26.865, 1.5, -34.5775, -26.865, 1.5, 34.5775, -26.865, 1.5, -34.5775, 26.865, 1.5, -34.5775, -26.865, -1.5, 34.5775, 26.865, -1.5, 34.5775, -26.865, -1.5, -34.5775, 26.865, -1.5, 34.5775, 26.865, -1.5, -34.5775, -26.865, -1.5, -34.5775)

[sub_resource type="BoxMesh" id="BoxMesh_k30le"]
size = Vector3(3, 18.5, 21)

[sub_resource type="BoxMesh" id="BoxMesh_v6q4x"]
size = Vector3(3, 12, 1.5)

[sub_resource type="BoxMesh" id="BoxMesh_ob6v6"]
size = Vector3(6.46, 12, 3)

[sub_resource type="BoxMesh" id="BoxMesh_4g2qu"]
size = Vector3(3, 21, 16.295)

[sub_resource type="BoxMesh" id="BoxMesh_huwvf"]
size = Vector3(3.505, 21, 3)

[sub_resource type="BoxMesh" id="BoxMesh_riqcp"]
size = Vector3(3, 5, 10.5)

[sub_resource type="BoxMesh" id="BoxMesh_jlhyi"]
size = Vector3(3, 18.5, 3)

[sub_resource type="BoxMesh" id="BoxMesh_a5vt8"]
size = Vector3(3, 18.5, 3)

[sub_resource type="BoxMesh" id="BoxMesh_rrpqd"]
size = Vector3(3, 18.5, 3)

[sub_resource type="BoxMesh" id="BoxMesh_wfs5p"]
size = Vector3(3, 18.5, 3)

[sub_resource type="BoxMesh" id="BoxMesh_gy2lw"]
size = Vector3(3, 15.5, 11.725)

[sub_resource type="BoxMesh" id="BoxMesh_25hkn"]
size = Vector3(3, 20.5, 14.7)

[sub_resource type="ConcavePolygonShape3D" id="ConcavePolygonShape3D_1ciot"]
data = PackedVector3Array(-1.5, 10.25, 7.35, 1.5, 10.25, 7.35, -1.5, -10.25, 7.35, 1.5, 10.25, 7.35, 1.5, -10.25, 7.35, -1.5, -10.25, 7.35, 1.5, 10.25, -7.35, -1.5, 10.25, -7.35, 1.5, -10.25, -7.35, -1.5, 10.25, -7.35, -1.5, -10.25, -7.35, 1.5, -10.25, -7.35, 1.5, 10.25, 7.35, 1.5, 10.25, -7.35, 1.5, -10.25, 7.35, 1.5, 10.25, -7.35, 1.5, -10.25, -7.35, 1.5, -10.25, 7.35, -1.5, 10.25, -7.35, -1.5, 10.25, 7.35, -1.5, -10.25, -7.35, -1.5, 10.25, 7.35, -1.5, -10.25, 7.35, -1.5, -10.25, -7.35, 1.5, 10.25, 7.35, -1.5, 10.25, 7.35, 1.5, 10.25, -7.35, -1.5, 10.25, 7.35, -1.5, 10.25, -7.35, 1.5, 10.25, -7.35, -1.5, -10.25, 7.35, 1.5, -10.25, 7.35, -1.5, -10.25, -7.35, 1.5, -10.25, 7.35, 1.5, -10.25, -7.35, -1.5, -10.25, -7.35)

[sub_resource type="BoxMesh" id="BoxMesh_bw15w"]
size = Vector3(0.75, 4.25, 1)

[sub_resource type="ConcavePolygonShape3D" id="ConcavePolygonShape3D_d4wt5"]
data = PackedVector3Array(-0.375, 2.125, 0.5, 0.375, 2.125, 0.5, -0.375, -2.125, 0.5, 0.375, 2.125, 0.5, 0.375, -2.125, 0.5, -0.375, -2.125, 0.5, 0.375, 2.125, -0.5, -0.375, 2.125, -0.5, 0.375, -2.125, -0.5, -0.375, 2.125, -0.5, -0.375, -2.125, -0.5, 0.375, -2.125, -0.5, 0.375, 2.125, 0.5, 0.375, 2.125, -0.5, 0.375, -2.125, 0.5, 0.375, 2.125, -0.5, 0.375, -2.125, -0.5, 0.375, -2.125, 0.5, -0.375, 2.125, -0.5, -0.375, 2.125, 0.5, -0.375, -2.125, -0.5, -0.375, 2.125, 0.5, -0.375, -2.125, 0.5, -0.375, -2.125, -0.5, 0.375, 2.125, 0.5, -0.375, 2.125, 0.5, 0.375, 2.125, -0.5, -0.375, 2.125, 0.5, -0.375, 2.125, -0.5, 0.375, 2.125, -0.5, -0.375, -2.125, 0.5, 0.375, -2.125, 0.5, -0.375, -2.125, -0.5, 0.375, -2.125, 0.5, 0.375, -2.125, -0.5, -0.375, -2.125, -0.5)

[sub_resource type="BoxMesh" id="BoxMesh_qa7ce"]
size = Vector3(0.75, 4.25, 1)

[sub_resource type="BoxMesh" id="BoxMesh_e24dl"]
size = Vector3(0.75, 4.25, 1)

[sub_resource type="BoxMesh" id="BoxMesh_1y0m7"]
size = Vector3(0.75, 4.25, 2.27)

[sub_resource type="ConcavePolygonShape3D" id="ConcavePolygonShape3D_05ah1"]
data = PackedVector3Array(-0.375, 2.125, 1.135, 0.375, 2.125, 1.135, -0.375, -2.125, 1.135, 0.375, 2.125, 1.135, 0.375, -2.125, 1.135, -0.375, -2.125, 1.135, 0.375, 2.125, -1.135, -0.375, 2.125, -1.135, 0.375, -2.125, -1.135, -0.375, 2.125, -1.135, -0.375, -2.125, -1.135, 0.375, -2.125, -1.135, 0.375, 2.125, 1.135, 0.375, 2.125, -1.135, 0.375, -2.125, 1.135, 0.375, 2.125, -1.135, 0.375, -2.125, -1.135, 0.375, -2.125, 1.135, -0.375, 2.125, -1.135, -0.375, 2.125, 1.135, -0.375, -2.125, -1.135, -0.375, 2.125, 1.135, -0.375, -2.125, 1.135, -0.375, -2.125, -1.135, 0.375, 2.125, 1.135, -0.375, 2.125, 1.135, 0.375, 2.125, -1.135, -0.375, 2.125, 1.135, -0.375, 2.125, -1.135, 0.375, 2.125, -1.135, -0.375, -2.125, 1.135, 0.375, -2.125, 1.135, -0.375, -2.125, -1.135, 0.375, -2.125, 1.135, 0.375, -2.125, -1.135, -0.375, -2.125, -1.135)

[sub_resource type="PlaneMesh" id="PlaneMesh_yi46n"]
size = Vector2(11, 12)

[sub_resource type="ConcavePolygonShape3D" id="ConcavePolygonShape3D_n2o7p"]
data = PackedVector3Array(5.5, 0, 6, -5.5, 0, 6, 5.5, 0, -6, -5.5, 0, 6, -5.5, 0, -6, 5.5, 0, -6)

[sub_resource type="PlaneMesh" id="PlaneMesh_e8sj3"]
size = Vector2(11.765, 12)

[sub_resource type="ConcavePolygonShape3D" id="ConcavePolygonShape3D_44fte"]
data = PackedVector3Array(5.8825, 0, 6, -5.8825, 0, 6, 5.8825, 0, -6, -5.8825, 0, 6, -5.8825, 0, -6, 5.8825, 0, -6)

[sub_resource type="StandardMaterial3D" id="StandardMaterial3D_n0oho"]
metallic = 1.0
roughness = 0.0
texture_filter = 5

[sub_resource type="BoxShape3D" id="BoxShape3D_gxu67"]

[sub_resource type="StandardMaterial3D" id="StandardMaterial3D_72mn7"]
texture_filter = 5

[sub_resource type="BoxShape3D" id="BoxShape3D_ra78n"]

[node name="Node3D" type="Node3D"]

[node name="UI" parent="." node_paths=PackedStringArray("sun_light", "environment", "night_lights", "lamp_meshes", "scalable_night_lights") instance=ExtResource("32_q35xk")]
enable_profiler = true
sun_light = NodePath("../Sun")
environment = NodePath("../WorldEnvironment")
night_lights = NodePath("../Night Lights")
lamp_meshes = [NodePath("../Level Geometry/Section05/S5B1/Bistro_Research_Exterior_Paris_StreetLight_01a___2__6265/Bistro_Research_Exterior_Paris_StreetLight_01a___2__6265_004"), NodePath("../Level Geometry/Section01/S1Lamps/Bistro_Research_Exterior_Paris_StreetLight_01a___10__6261/Bistro_Research_Exterior_Paris_StreetLight_01a___10__6261_004"), NodePath("../Level Geometry/Section01/S1Lamps/Bistro_Research_Exterior_Paris_StreetLight_01a___11__6263/Bistro_Research_Exterior_Paris_StreetLight_01a___11__6263_004"), NodePath("../Level Geometry/Section01/S1Lamps/Bistro_Research_Exterior_Paris_StreetLight_01a___7__6275/Bistro_Research_Exterior_Paris_StreetLight_01a___7__6275_004"), NodePath("../Level Geometry/Section01/S1Lamps/Bistro_Research_Exterior_Paris_StreetLight_01a___8__6277/Bistro_Research_Exterior_Paris_StreetLight_01a___8__6277_004"), NodePath("../Level Geometry/Section01/S1Lamps/Bistro_Research_Exterior_Paris_StreetLight_01a___9__6279/Bistro_Research_Exterior_Paris_StreetLight_01a___9__6279_004"), NodePath("../Level Geometry/Section02/S2Lamps/Bistro_Research_Exterior_Paris_StreetLight_01a_6257/Bistro_Research_Exterior_Paris_StreetLight_01a_6257_004"), NodePath("../Level Geometry/Section02/S2Lamps/Bistro_Research_Exterior_Paris_StreetLight_01a___4__6269/Bistro_Research_Exterior_Paris_StreetLight_01a___4__6269_004"), NodePath("../Level Geometry/Section02/S2Lamps/Bistro_Research_Exterior_Paris_StreetLight_01a___5__6271/Bistro_Research_Exterior_Paris_StreetLight_01a___5__6271_004"), NodePath("../Level Geometry/Section02/S2Lamps/Bistro_Research_Exterior_Paris_StreetLight_01a___6__6273/Bistro_Research_Exterior_Paris_StreetLight_01a___6__6273_004"), NodePath("../Level Geometry/Section03/S3Lamps/Bistro_Research_Exterior_Paris_StreetLight_01a___3__6267/Bistro_Research_Exterior_Paris_StreetLight_01a___3__6267_004"), NodePath("../Level Geometry/Section05/S5Lamps/Bistro_Research_Exterior_Paris_StreetLight_01a__6259/Bistro_Research_Exterior_Paris_StreetLight_01a__6259_004")]
emissives = Array[StandardMaterial3D]([ExtResource("2_je3vt"), ExtResource("3_414o6"), ExtResource("4_m6wwl"), ExtResource("5_piy6g"), ExtResource("7_8yd0a"), ExtResource("8_vfdcb"), ExtResource("9_ksbxv"), ExtResource("10_5yr8b"), ExtResource("11_awwij"), ExtResource("12_xvt36")])
scalable_night_lights = NodePath("../Night Lights/StreetLamps")

[node name="WorldEnvironment" type="WorldEnvironment" parent="."]
environment = ExtResource("33_vhloy")
camera_attributes = ExtResource("30_pvdv2")

[node name="FogVolume" type="FogVolume" parent="."]
shape = 4
material = ExtResource("35_hsy4k")

[node name="Sun" type="DirectionalLight3D" parent="."]
transform = Transform3D(-0.154711, -0.78694, 0.59732, -5.96046e-08, 0.604599, 0.79653, -0.98796, 0.123231, -0.0935379, 0, 0, 0)
light_intensity_lux = 75000.0
light_temperature = 4250.0
shadow_enabled = true
directional_shadow_pancake_size = 40.0

[node name="Level Geometry" type="Node3D" parent="."]

[node name="Section01" type="Node3D" parent="Level Geometry"]

[node name="S1B1" parent="Level Geometry/Section01" instance=ExtResource("1_17a2u")]

[node name="S1B2" parent="Level Geometry/Section01" instance=ExtResource("2_8mtnr")]

[node name="S1B3" parent="Level Geometry/Section01" instance=ExtResource("3_bis43")]

[node name="S1B4" parent="Level Geometry/Section01" instance=ExtResource("4_ll7ne")]

[node name="S1Details" parent="Level Geometry/Section01" instance=ExtResource("5_l1708")]

[node name="S1Lamps" parent="Level Geometry/Section01" instance=ExtResource("6_kx4kb")]

[node name="S1Walls" parent="Level Geometry/Section01" instance=ExtResource("7_2kc2q")]

[node name="Section02" type="Node3D" parent="Level Geometry"]

[node name="BistroProps" parent="Level Geometry/Section02" instance=ExtResource("11_e4jub")]

[node name="S2B1" parent="Level Geometry/Section02" instance=ExtResource("8_anouh")]

[node name="S2B2" parent="Level Geometry/Section02" instance=ExtResource("9_u4tpu")]

[node name="S2B3" parent="Level Geometry/Section02" instance=ExtResource("10_ypp8l")]

[node name="S2Details" parent="Level Geometry/Section02" instance=ExtResource("15_uu4ux")]

[node name="S2Ivy" parent="Level Geometry/Section02" instance=ExtResource("12_lc6cf")]

[node name="S2Lamps" parent="Level Geometry/Section02" instance=ExtResource("13_v0ve4")]

[node name="S2Walls" parent="Level Geometry/Section02" instance=ExtResource("14_v6tgn")]

[node name="Section03" type="Node3D" parent="Level Geometry"]

[node name="S3B1" parent="Level Geometry/Section03" instance=ExtResource("16_m1vvn")]

[node name="S3B2" parent="Level Geometry/Section03" instance=ExtResource("17_4e0xd")]

[node name="S3B3" parent="Level Geometry/Section03" instance=ExtResource("18_4ij38")]

[node name="S3B4" parent="Level Geometry/Section03" instance=ExtResource("19_acyb5")]

[node name="S3Lamps" parent="Level Geometry/Section03" instance=ExtResource("20_w5tey")]

[node name="Section04" type="Node3D" parent="Level Geometry"]

[node name="S4B1" parent="Level Geometry/Section04" instance=ExtResource("21_7egcs")]

[node name="S4B2" parent="Level Geometry/Section04" instance=ExtResource("22_k7idl")]

[node name="S4B3" parent="Level Geometry/Section04" instance=ExtResource("23_256hy")]

[node name="Section05" type="Node3D" parent="Level Geometry"]

[node name="S5B1" parent="Level Geometry/Section05" instance=ExtResource("24_0u2lm")]

[node name="S5B2" parent="Level Geometry/Section05" instance=ExtResource("25_tcv6v")]

[node name="S5Lamps" parent="Level Geometry/Section05" instance=ExtResource("26_xvk4t")]

[node name="Ground" type="Node3D" parent="Level Geometry"]

[node name="Ground" parent="Level Geometry/Ground" instance=ExtResource("3_e3k7r")]

[node name="Props" type="Node3D" parent="."]

[node name="Section01" type="Node3D" parent="Props"]

[node name="S1Lamps_Props" parent="Props/Section01" instance=ExtResource("21_yopo6")]

[node name="Section02" type="Node3D" parent="Props"]

[node name="BistroProps_Props" parent="Props/Section02" instance=ExtResource("23_lunsi")]

[node name="Bistro_Lanterns" parent="Props/Section02" instance=ExtResource("16_1sf6e")]

[node name="Bistro_StringLights" parent="Props/Section02" instance=ExtResource("17_j1o0m")]

[node name="S2Lamps_Props" parent="Props/Section02" instance=ExtResource("33_k0qq7")]

[node name="Section03" type="Node3D" parent="Props"]

[node name="S3Lamps_Props" parent="Props/Section03" instance=ExtResource("40_mmbd0")]

[node name="Section04" type="Node3D" parent="Props"]

[node name="S4B3_Props" parent="Props/Section04" instance=ExtResource("41_renwl")]

[node name="Section05" type="Node3D" parent="Props"]

[node name="S5B1_Props" parent="Props/Section05" instance=ExtResource("43_a2awi")]

[node name="S5B2_Props" parent="Props/Section05" instance=ExtResource("45_v1415")]

[node name="S5Lamps_Props" parent="Props/Section05" instance=ExtResource("50_tx67g")]

[node name="Patches" type="Node3D" parent="."]

[node name="Blockers" type="Node3D" parent="Patches"]

[node name="Ground" type="Node3D" parent="Patches/Blockers"]

[node name="GroundBlocker" type="MeshInstance3D" parent="Patches/Blockers/Ground"]
transform = Transform3D(0.204683, 0, 0.978828, 0, 1, 0, -0.978828, 0, 0.204683, -26.1256, -1.66976, 4.19985)
mesh = SubResource("BoxMesh_u4h6w")
skeleton = NodePath("../../../../Level Geometry/Ground")
surface_material_override/0 = SubResource("StandardMaterial3D_5sixh")

[node name="StaticBody3D" type="StaticBody3D" parent="Patches/Blockers/Ground/GroundBlocker"]

[node name="CollisionShape3D" type="CollisionShape3D" parent="Patches/Blockers/Ground/GroundBlocker/StaticBody3D"]
shape = SubResource("ConcavePolygonShape3D_4t7qv")

[node name="GroundBlocker2" type="MeshInstance3D" parent="Patches/Blockers/Ground"]
transform = Transform3D(-0.982261, 0, 0.187518, 0, 1, 0, -0.187518, 0, -0.982261, -8.17619, -1.66976, 10.8598)
mesh = SubResource("BoxMesh_u4h6w")
skeleton = NodePath("../../../../Level Geometry/Ground")
surface_material_override/0 = SubResource("StandardMaterial3D_5sixh")

[node name="StaticBody3D" type="StaticBody3D" parent="Patches/Blockers/Ground/GroundBlocker2"]

[node name="CollisionShape3D" type="CollisionShape3D" parent="Patches/Blockers/Ground/GroundBlocker2/StaticBody3D"]
shape = SubResource("ConcavePolygonShape3D_67qw4")

[node name="GroundBlocker3" type="MeshInstance3D" parent="Patches/Blockers/Ground"]
transform = Transform3D(-0.997512, 0, -0.070488, 0, 1, 0, 0.070488, 0, -0.997512, -3.0548, -1.66976, -55.1226)
mesh = SubResource("BoxMesh_78hf1")
skeleton = NodePath("../../../../Level Geometry/Ground")
surface_material_override/0 = SubResource("StandardMaterial3D_5sixh")

[node name="StaticBody3D" type="StaticBody3D" parent="Patches/Blockers/Ground/GroundBlocker3"]

[node name="CollisionShape3D" type="CollisionShape3D" parent="Patches/Blockers/Ground/GroundBlocker3/StaticBody3D"]
shape = SubResource("ConcavePolygonShape3D_xtpi4")

[node name="Buildings" type="Node3D" parent="Patches/Blockers"]

[node name="LightBlocker4" type="MeshInstance3D" parent="Patches/Blockers/Buildings"]
transform = Transform3D(0.914917, 0, -0.403641, 0, 1, 0, 0.403641, 0, 0.914917, 4.04016, 8.65851, 17.2965)
mesh = SubResource("BoxMesh_k30le")
skeleton = NodePath("../../../../Level Geometry/Ground")
surface_material_override/0 = SubResource("StandardMaterial3D_5sixh")

[node name="LightBlocker12" type="MeshInstance3D" parent="Patches/Blockers/Buildings"]
transform = Transform3D(0.0852604, 0, -0.996358, 0, 1, 0, 0.996358, 0, 0.0852604, -14.0012, 5.62648, 32.9417)
mesh = SubResource("BoxMesh_v6q4x")
skeleton = NodePath("../../../../Level Geometry/Ground")
surface_material_override/0 = SubResource("StandardMaterial3D_5sixh")

[node name="LightBlocker19" type="MeshInstance3D" parent="Patches/Blockers/Buildings"]
transform = Transform3D(0.0852604, 0, -0.996358, 0, 1, 0, 0.996358, 0, 0.0852604, -14.3683, 5.62648, 37.688)
mesh = SubResource("BoxMesh_ob6v6")
skeleton = NodePath("../../../../Level Geometry/Ground")
surface_material_override/0 = SubResource("StandardMaterial3D_5sixh")

[node name="LightBlocker5" type="MeshInstance3D" parent="Patches/Blockers/Buildings"]
transform = Transform3D(-0.0734296, 0, -0.9973, 0, 1, 0, 0.9973, 0, -0.0734296, -38.0313, 9.55, -10.5921)
mesh = SubResource("BoxMesh_4g2qu")
skeleton = NodePath("../../../../Level Geometry/Ground")
surface_material_override/0 = ExtResource("52_6bcdg")

[node name="LightBlocker20" type="MeshInstance3D" parent="Patches/Blockers/Buildings"]
transform = Transform3D(-0.0734296, 0, -0.9973, 0, 1, 0, 0.9973, 0, -0.0734296, -45.0591, 9.55, -13.9096)
mesh = SubResource("BoxMesh_huwvf")
skeleton = NodePath("../../../../Level Geometry/Ground")
surface_material_override/0 = ExtResource("52_6bcdg")

[node name="LightBlocker8" type="MeshInstance3D" parent="Patches/Blockers/Buildings"]
transform = Transform3D(-0.204137, 0, -0.978942, 0, 1, 0, 0.978942, 0, -0.204137, -24.1893, 2.27743, -7.61336)
mesh = SubResource("BoxMesh_riqcp")
skeleton = NodePath("../../../../Level Geometry/Ground")
surface_material_override/0 = ExtResource("52_6bcdg")

[node name="LightBlocker7" type="MeshInstance3D" parent="Patches/Blockers/Buildings"]
transform = Transform3D(0.132879, 0, -0.991132, 0, 1, 0, 0.991132, 0, 0.132879, -5.83142, 8.58574, -79.5219)
mesh = SubResource("BoxMesh_k30le")
skeleton = NodePath("../../../../Level Geometry/Ground")
surface_material_override/0 = SubResource("StandardMaterial3D_5sixh")

[node name="LightBlocker15" type="MeshInstance3D" parent="Patches/Blockers/Buildings"]
transform = Transform3D(0.132879, 0, -0.991132, 0, 1, 0, 0.991132, 0, 0.132879, -17.7737, 8.83916, -83.499)
mesh = SubResource("BoxMesh_jlhyi")
skeleton = NodePath("../../../../Level Geometry/Ground")
surface_material_override/0 = ExtResource("52_6bcdg")

[node name="LightBlocker16" type="MeshInstance3D" parent="Patches/Blockers/Buildings"]
transform = Transform3D(0.132879, 0, -0.991132, 0, 1, 0, 0.991132, 0, 0.132879, 4.59924, 8.83916, -85.4602)
mesh = SubResource("BoxMesh_a5vt8")
skeleton = NodePath("../../../../Level Geometry/Ground")
surface_material_override/0 = ExtResource("52_6bcdg")

[node name="LightBlocker17" type="MeshInstance3D" parent="Patches/Blockers/Buildings"]
transform = Transform3D(0.925613, 0, -0.378471, 0, 1, 0, 0.378471, 0, 0.925613, 13.1574, 8.83916, 9.00389)
mesh = SubResource("BoxMesh_rrpqd")
skeleton = NodePath("../../../../Level Geometry/Ground")
surface_material_override/0 = ExtResource("52_6bcdg")

[node name="LightBlocker18" type="MeshInstance3D" parent="Patches/Blockers/Buildings"]
transform = Transform3D(0.925613, 0, -0.378471, 0, 1, 0, 0.378471, 0, 0.925613, 4.76002, 8.83916, 29.541)
mesh = SubResource("BoxMesh_wfs5p")
skeleton = NodePath("../../../../Level Geometry/Ground")
surface_material_override/0 = ExtResource("52_6bcdg")

[node name="LightBlocker11" type="MeshInstance3D" parent="Patches/Blockers/Buildings"]
transform = Transform3D(0.994382, 0, 0.105848, 0, 1, 0, -0.105848, 0, 0.994382, 9.28695, 7.31685, -26.3161)
mesh = SubResource("BoxMesh_gy2lw")
skeleton = NodePath("../../../../Level Geometry/Ground")
surface_material_override/0 = ExtResource("52_6bcdg")

[node name="LightBlocker6" type="MeshInstance3D" parent="Patches/Blockers/Buildings"]
transform = Transform3D(-0.996377, 0, -0.0850343, 0, 1, 0, 0.0850343, 0, -0.996377, -12.3024, 9.71202, -37.4235)
mesh = SubResource("BoxMesh_25hkn")
skeleton = NodePath("../../../../Level Geometry/Ground")
surface_material_override/0 = ExtResource("52_6bcdg")

[node name="StaticBody3D" type="StaticBody3D" parent="Patches/Blockers/Buildings/LightBlocker6"]

[node name="CollisionShape3D" type="CollisionShape3D" parent="Patches/Blockers/Buildings/LightBlocker6/StaticBody3D"]
shape = SubResource("ConcavePolygonShape3D_1ciot")

[node name="Walls" type="Node3D" parent="Patches/Blockers"]

[node name="LightBlocker9" type="MeshInstance3D" parent="Patches/Blockers/Walls"]
transform = Transform3D(0.995264, 0, 0.0972007, 0, 1, 0, -0.0972007, 0, 0.995264, 7.14993, 2.10968, -32.267)
mesh = SubResource("BoxMesh_bw15w")
skeleton = NodePath("../../../../Level Geometry/Ground")
surface_material_override/0 = ExtResource("53_ta26q")

[node name="StaticBody3D" type="StaticBody3D" parent="Patches/Blockers/Walls/LightBlocker9"]

[node name="CollisionShape3D" type="CollisionShape3D" parent="Patches/Blockers/Walls/LightBlocker9/StaticBody3D"]
shape = SubResource("ConcavePolygonShape3D_d4wt5")

[node name="LightBlocker14" type="MeshInstance3D" parent="Patches/Blockers/Walls"]
transform = Transform3D(0.0717934, 0, 0.997419, 0, 1, 0, -0.997419, 0, 0.0717934, -29.8883, 1.52072, -7.45267)
mesh = SubResource("BoxMesh_qa7ce")
skeleton = NodePath("../../../../Level Geometry/Ground")
surface_material_override/0 = ExtResource("53_ta26q")

[node name="StaticBody3D" type="StaticBody3D" parent="Patches/Blockers/Walls/LightBlocker14"]

[node name="CollisionShape3D" type="CollisionShape3D" parent="Patches/Blockers/Walls/LightBlocker14/StaticBody3D"]
shape = SubResource("ConcavePolygonShape3D_d4wt5")

[node name="LightBlocker13" type="MeshInstance3D" parent="Patches/Blockers/Walls"]
transform = Transform3D(0.926895, 0, -0.375318, 0, 1, 0, 0.375318, 0, 0.926895, -4.16359, 2.10968, 27.6039)
mesh = SubResource("BoxMesh_e24dl")
skeleton = NodePath("../../../../Level Geometry/Ground")
surface_material_override/0 = ExtResource("53_ta26q")

[node name="StaticBody3D" type="StaticBody3D" parent="Patches/Blockers/Walls/LightBlocker13"]

[node name="CollisionShape3D" type="CollisionShape3D" parent="Patches/Blockers/Walls/LightBlocker13/StaticBody3D"]
shape = SubResource("ConcavePolygonShape3D_d4wt5")

[node name="LightBlocker10" type="MeshInstance3D" parent="Patches/Blockers/Walls"]
transform = Transform3D(-0.251681, 0, -0.96781, 0, 1, 0, 0.96781, 0, -0.251681, -31.29, 2.08925, 8.86907)
mesh = SubResource("BoxMesh_1y0m7")
skeleton = NodePath("../../../../Level Geometry/Ground")
surface_material_override/0 = ExtResource("53_ta26q")

[node name="StaticBody3D" type="StaticBody3D" parent="Patches/Blockers/Walls/LightBlocker10"]

[node name="CollisionShape3D" type="CollisionShape3D" parent="Patches/Blockers/Walls/LightBlocker10/StaticBody3D"]
shape = SubResource("ConcavePolygonShape3D_05ah1")

[node name="PlayerBlocker" type="MeshInstance3D" parent="Patches/Blockers"]
transform = Transform3D(-0.291053, 0.956707, 0, 4.1819e-08, 1.27223e-08, 1, 0.956707, 0.291053, -4.37114e-08, -21.2568, 5.56138, 22.6059)
gi_mode = 2
mesh = SubResource("PlaneMesh_yi46n")
skeleton = NodePath("../../../Level Geometry/Ground")
surface_material_override/0 = ExtResource("55_ad3hv")

[node name="StaticBody3D" type="StaticBody3D" parent="Patches/Blockers/PlayerBlocker"]

[node name="CollisionShape3D" type="CollisionShape3D" parent="Patches/Blockers/PlayerBlocker/StaticBody3D"]
shape = SubResource("ConcavePolygonShape3D_n2o7p")

[node name="PlayerBlocker2" type="MeshInstance3D" parent="Patches/Blockers"]
transform = Transform3D(0.996563, 0.0828429, 0, 3.62117e-09, -4.35611e-08, 1, 0.0828429, -0.996563, -4.37114e-08, -50.5145, 5.56138, 4.72579)
gi_mode = 2
mesh = SubResource("PlaneMesh_e8sj3")
skeleton = NodePath("../../../Level Geometry/Ground")
surface_material_override/0 = ExtResource("55_ad3hv")

[node name="StaticBody3D" type="StaticBody3D" parent="Patches/Blockers/PlayerBlocker2"]

[node name="CollisionShape3D" type="CollisionShape3D" parent="Patches/Blockers/PlayerBlocker2/StaticBody3D"]
shape = SubResource("ConcavePolygonShape3D_44fte")

[node name="MaterialCubeSpecular" type="RigidBody3D" parent="Patches"]
transform = Transform3D(0.246816, -0.109831, 0.962819, 0.453754, 0.891006, -0.0146799, -0.856265, 0.440505, 0.269751, -16.9557, 0.664963, 19.0884)
mass = 20.0

[node name="MeshInstance3D" type="MeshInstance3D" parent="Patches/MaterialCubeSpecular"]
gi_mode = 2
mesh = ExtResource("33_6648h")
surface_material_override/0 = SubResource("StandardMaterial3D_n0oho")

[node name="CollisionShape3D" type="CollisionShape3D" parent="Patches/MaterialCubeSpecular"]
shape = SubResource("BoxShape3D_gxu67")

[node name="MaterialCubeAlbedo" type="RigidBody3D" parent="Patches"]
transform = Transform3D(0.267238, -0.422428, 0.866105, 0, 0.898794, 0.438371, -0.96363, -0.117149, 0.240192, -44.7202, 0.666692, 2.55184)
mass = 20.0

[node name="MeshInstance3D" type="MeshInstance3D" parent="Patches/MaterialCubeAlbedo"]
gi_mode = 2
mesh = ExtResource("33_6648h")
surface_material_override/0 = SubResource("StandardMaterial3D_72mn7")

[node name="CollisionShape3D" type="CollisionShape3D" parent="Patches/MaterialCubeAlbedo"]
shape = SubResource("BoxShape3D_ra78n")

[node name="Night Lights" type="Node3D" parent="."]
visible = false

[node name="StreetLamps" type="Node3D" parent="Night Lights"]

[node name="S2Lamp01" type="OmniLight3D" parent="Night Lights/StreetLamps"]
transform = Transform3D(-0.453991, 0, 0.891006, 0, 1, 0, -0.891006, 0, -0.453991, -1.12651, 4.40562, -17.089)
light_intensity_lumens = 200000.0
light_temperature = 2685.0
shadow_enabled = true
distance_fade_enabled = true
distance_fade_begin = 75.0
distance_fade_shadow = 20.0
omni_range = 10.0
omni_shadow_mode = 0

[node name="S2Lamp02" type="OmniLight3D" parent="Night Lights/StreetLamps"]
transform = Transform3D(-0.453991, 0, 0.891006, 0, 1, 0, -0.891006, 0, -0.453991, 4.86286, 4.40562, -8.59835)
light_intensity_lumens = 200000.0
light_temperature = 2685.0
shadow_enabled = true
distance_fade_enabled = true
distance_fade_begin = 75.0
distance_fade_shadow = 20.0
omni_range = 10.0
omni_shadow_mode = 0

[node name="S2Lamp03" type="OmniLight3D" parent="Night Lights/StreetLamps"]
transform = Transform3D(-0.453991, 0, 0.891006, 0, 1, 0, -0.891006, 0, -0.453991, -0.13826, 4.40562, -5.67691)
light_intensity_lumens = 200000.0
light_temperature = 2685.0
shadow_enabled = true
distance_fade_enabled = true
distance_fade_begin = 75.0
distance_fade_shadow = 20.0
omni_range = 10.0
omni_shadow_mode = 0

[node name="S2Lamp04" type="OmniLight3D" parent="Night Lights/StreetLamps"]
transform = Transform3D(-0.453991, 0, 0.891006, 0, 1, 0, -0.891006, 0, -0.453991, -7.38251, 4.40562, 0.756411)
light_intensity_lumens = 200000.0
light_temperature = 2685.0
shadow_enabled = true
distance_fade_enabled = true
distance_fade_begin = 75.0
distance_fade_shadow = 20.0
omni_range = 10.0
omni_shadow_mode = 0

[node name="S3Lamp01" type="OmniLight3D" parent="Night Lights/StreetLamps"]
transform = Transform3D(-0.453991, 0, 0.891006, 0, 1, 0, -0.891006, 0, -0.453991, 1.08493, 4.40562, 2.79209)
light_intensity_lumens = 200000.0
light_temperature = 2685.0
shadow_enabled = true
distance_fade_enabled = true
distance_fade_begin = 75.0
distance_fade_shadow = 20.0
omni_range = 10.0
omni_shadow_mode = 0

[node name="S5Lamp01" type="OmniLight3D" parent="Night Lights/StreetLamps"]
transform = Transform3D(-0.453991, 0, 0.891006, 0, 1, 0, -0.891006, 0, -0.453991, -27.6943, 4.40562, 1.3743)
light_intensity_lumens = 200000.0
light_temperature = 2685.0
shadow_enabled = true
distance_fade_enabled = true
distance_fade_begin = 75.0
distance_fade_shadow = 20.0
omni_range = 10.0
omni_shadow_mode = 0

[node name="S1Lamp01" type="OmniLight3D" parent="Night Lights/StreetLamps"]
transform = Transform3D(-0.453991, 0, 0.891006, 0, 1, 0, -0.891006, 0, -0.453991, 1.86657, 4.40562, -35.1456)
light_intensity_lumens = 200000.0
light_temperature = 2685.0
shadow_enabled = true
distance_fade_enabled = true
distance_fade_begin = 75.0
distance_fade_shadow = 20.0
omni_range = 10.0
omni_shadow_mode = 0

[node name="S1Lamp02" type="OmniLight3D" parent="Night Lights/StreetLamps"]
transform = Transform3D(-0.453991, 0, 0.891006, 0, 1, 0, -0.891006, 0, -0.453991, -5.17382, 4.40562, -47.8143)
light_intensity_lumens = 200000.0
light_temperature = 2685.0
shadow_enabled = true
distance_fade_enabled = true
distance_fade_begin = 75.0
distance_fade_shadow = 20.0
omni_range = 10.0
omni_shadow_mode = 0

[node name="S1Lamp03" type="OmniLight3D" parent="Night Lights/StreetLamps"]
transform = Transform3D(-0.453991, 0, 0.891006, 0, 1, 0, -0.891006, 0, -0.453991, 1.18969, 4.40562, -48.9017)
light_intensity_lumens = 200000.0
light_temperature = 2685.0
shadow_enabled = true
distance_fade_enabled = true
distance_fade_begin = 75.0
distance_fade_shadow = 20.0
omni_range = 10.0
omni_shadow_mode = 0

[node name="S1Lamp04" type="OmniLight3D" parent="Night Lights/StreetLamps"]
transform = Transform3D(-0.453991, 0, 0.891006, 0, 1, 0, -0.891006, 0, -0.453991, 7.95176, 4.40562, -58.9159)
light_intensity_lumens = 200000.0
light_temperature = 2685.0
shadow_enabled = true
distance_fade_enabled = true
distance_fade_begin = 75.0
distance_fade_shadow = 20.0
omni_range = 10.0
omni_shadow_mode = 0

[node name="S1Lamp05" type="OmniLight3D" parent="Night Lights/StreetLamps"]
transform = Transform3D(-0.453991, 0, 0.891006, 0, 1, 0, -0.891006, 0, -0.453991, 3.21388, 4.40562, -69.1854)
light_intensity_lumens = 200000.0
light_temperature = 2685.0
shadow_enabled = true
distance_fade_enabled = true
distance_fade_begin = 75.0
distance_fade_shadow = 20.0
omni_range = 10.0
omni_shadow_mode = 0

[node name="S5B1Lamp05" type="OmniLight3D" parent="Night Lights/StreetLamps"]
transform = Transform3D(-0.453991, 0, 0.891006, 0, 1, 0, -0.891006, 0, -0.453991, -12.8739, 4.42269, 23.3404)
light_intensity_lumens = 200000.0
light_temperature = 2685.0
shadow_enabled = true
distance_fade_enabled = true
distance_fade_begin = 75.0
distance_fade_shadow = 20.0
omni_range = 10.0
omni_shadow_mode = 0

[node name="Bistro Spotlights" type="Node3D" parent="Night Lights"]

[node name="BistroSpotlight_01" type="SpotLight3D" parent="Night Lights/Bistro Spotlights"]
transform = Transform3D(0.0879386, 0.533354, -0.841308, 0, 0.84458, 0.535429, 0.996126, -0.0470849, 0.0742712, -4.31723, 4.11749, -7.55808)
light_intensity_lumens = 15000.0
distance_fade_enabled = true
distance_fade_begin = 45.0
distance_fade_shadow = 20.0

[node name="BistroSpotlight_02" type="SpotLight3D" parent="Night Lights/Bistro Spotlights"]
transform = Transform3D(0.0879386, 0.533354, -0.841308, 0, 0.84458, 0.535429, 0.996126, -0.0470849, 0.0742712, -4.55149, 4.11749, -10.2117)
light_intensity_lumens = 15000.0
distance_fade_enabled = true
distance_fade_begin = 45.0
distance_fade_shadow = 20.0

[node name="BistroSpotlight_03" type="SpotLight3D" parent="Night Lights/Bistro Spotlights"]
transform = Transform3D(0.0879386, 0.533354, -0.841308, 0, 0.84458, 0.535429, 0.996126, -0.0470849, 0.0742712, -4.75046, 4.11749, -12.4655)
light_intensity_lumens = 15000.0
distance_fade_enabled = true
distance_fade_begin = 45.0
distance_fade_shadow = 20.0

[node name="BistroSpotlight_04" type="SpotLight3D" parent="Night Lights/Bistro Spotlights"]
transform = Transform3D(0.0879386, 0.533354, -0.841308, 0, 0.84458, 0.535429, 0.996126, -0.0470849, 0.0742712, -4.97261, 4.11749, -14.9819)
light_intensity_lumens = 15000.0
distance_fade_enabled = true
distance_fade_begin = 45.0
distance_fade_shadow = 20.0

[node name="BistroSpotlight_05" type="SpotLight3D" parent="Night Lights/Bistro Spotlights"]
