[gd_scene load_steps=48 format=3 uid="uid://dcgtpj2gjbxgl"]

[ext_resource type="PackedScene" uid="uid://x65cq1udsqsf" path="res://Meshes/Section01/S1B1.tscn" id="1_17a2u"]
[ext_resource type="PackedScene" uid="uid://eo1atg6pdllw" path="res://Meshes/Section01/S1B2.tscn" id="2_8mtnr"]
[ext_resource type="PackedScene" uid="uid://bgt0h0f43llsf" path="res://Meshes/Section01/S1B3.tscn" id="3_bis43"]
[ext_resource type="PackedScene" uid="uid://bumtkl0ox2bxf" path="res://Meshes/Ground.tscn" id="3_e3k7r"]
[ext_resource type="PackedScene" uid="uid://du8nt2wqwtlkg" path="res://Meshes/Section01/S1B4.tscn" id="4_ll7ne"]
[ext_resource type="PackedScene" uid="uid://1h46fckn3rr5" path="res://Meshes/Section01/S1Details.tscn" id="5_l1708"]
[ext_resource type="PackedScene" uid="uid://cbs4svf33bg3p" path="res://Meshes/Section01/S1Lamps.tscn" id="6_kx4kb"]
[ext_resource type="PackedScene" uid="uid://ccmnlkssgfvk7" path="res://Meshes/Section01/S1Walls.tscn" id="7_2kc2q"]
[ext_resource type="PackedScene" uid="uid://dthil5porgf21" path="res://Meshes/Section02/S2B1.tscn" id="8_anouh"]
[ext_resource type="PackedScene" uid="uid://cjnm1rusd0kcd" path="res://Meshes/Section02/S2B2.tscn" id="9_u4tpu"]
[ext_resource type="PackedScene" uid="uid://srx8s5o73xw0" path="res://Meshes/Section02/S2B3.tscn" id="10_ypp8l"]
[ext_resource type="PackedScene" uid="uid://dpgfbsr7n2bm8" path="res://Meshes/Section02/BistroProps.tscn" id="11_e4jub"]
[ext_resource type="PackedScene" uid="uid://d4b75rgbhmhow" path="res://Meshes/Section02/S2Ivy.tscn" id="12_lc6cf"]
[ext_resource type="PackedScene" uid="uid://biak8e4cv0isu" path="res://Meshes/Section02/S2Lamps.tscn" id="13_v0ve4"]
[ext_resource type="PackedScene" uid="uid://u5uvyrtg8ns" path="res://Meshes/Section02/S2Walls.tscn" id="14_v6tgn"]
[ext_resource type="PackedScene" uid="uid://bij2ka0wuj53c" path="res://Meshes/Section02/S2Details.tscn" id="15_uu4ux"]
[ext_resource type="PackedScene" uid="uid://c7x2605gbo88t" path="res://Meshes/Section02/Bistro_Lanterns.tscn" id="16_1sf6e"]
[ext_resource type="PackedScene" uid="uid://b62ieebpxbuin" path="res://Meshes/Section03/S3B1.tscn" id="16_m1vvn"]
[ext_resource type="PackedScene" uid="uid://q5n4wbhxihjp" path="res://Meshes/Section03/S3B2.tscn" id="17_4e0xd"]
[ext_resource type="PackedScene" uid="uid://ncj04jk76gn0" path="res://Meshes/Section02/Bistro_StringLights.tscn" id="17_j1o0m"]
[ext_resource type="PackedScene" uid="uid://chlhxyb30n5bj" path="res://Meshes/Section03/S3B3.tscn" id="18_4ij38"]
[ext_resource type="PackedScene" uid="uid://cou4bgmlcrc2" path="res://Meshes/Section03/S3B4.tscn" id="19_acyb5"]
[ext_resource type="PackedScene" uid="uid://8lyr6devevqc" path="res://Meshes/Section03/S3Lamps.tscn" id="20_w5tey"]
[ext_resource type="PackedScene" uid="uid://0rjacw3hrc2a" path="res://Meshes/Section04/S4B1.tscn" id="21_7egcs"]
[ext_resource type="PackedScene" uid="uid://dg2ssh4rfvemk" path="res://Meshes/Section04/S4B2.tscn" id="22_k7idl"]
[ext_resource type="PackedScene" uid="uid://dhbajvc40q32m" path="res://Meshes/Section04/S4B3.tscn" id="23_256hy"]
[ext_resource type="PackedScene" uid="uid://c12tht4kio8pw" path="res://Meshes/Section05/S5B1.tscn" id="24_0u2lm"]
[ext_resource type="PackedScene" uid="uid://del44lwpj48x1" path="res://Meshes/Section05/S5B2.tscn" id="25_tcv6v"]
[ext_resource type="PackedScene" uid="uid://ckb5gvf1swqgf" path="res://Meshes/Section05/S5Lamps.tscn" id="26_xvk4t"]
[ext_resource type="PackedScene" uid="uid://cw80w12aln7jp" path="res://Meshes/Section05/S5B1_trash.tscn" id="27_74fbg"]
[ext_resource type="CameraAttributesPractical" uid="uid://c5r7ambhbw168" path="res://BistroCameraAttributesPractical.tres" id="30_pvdv2"]
[ext_resource type="PackedScene" uid="uid://b5i411e430syd" path="res://Godot-Human-For-Scale/Human-For-Scale.tscn" id="31_gaxn2"]
[ext_resource type="ArrayMesh" uid="uid://pw3fun5eaf0n" path="res://Meshes/rounded_cube.obj" id="33_6648h"]

[sub_resource type="BoxMesh" id="BoxMesh_u4h6w"]
size = Vector3(42.825, 2, 85.35)

[sub_resource type="StandardMaterial3D" id="StandardMaterial3D_5sixh"]
albedo_color = Color(0.0470588, 0.0196078, 0.00392157, 1)

[sub_resource type="ConcavePolygonShape3D" id="ConcavePolygonShape3D_85nr3"]
data = PackedVector3Array(-21.4125, 1, 42.675, 21.4125, 1, 42.675, -21.4125, -1, 42.675, 21.4125, 1, 42.675, 21.4125, -1, 42.675, -21.4125, -1, 42.675, 21.4125, 1, -42.675, -21.4125, 1, -42.675, 21.4125, -1, -42.675, -21.4125, 1, -42.675, -21.4125, -1, -42.675, 21.4125, -1, -42.675, 21.4125, 1, 42.675, 21.4125, 1, -42.675, 21.4125, -1, 42.675, 21.4125, 1, -42.675, 21.4125, -1, -42.675, 21.4125, -1, 42.675, -21.4125, 1, -42.675, -21.4125, 1, 42.675, -21.4125, -1, -42.675, -21.4125, 1, 42.675, -21.4125, -1, 42.675, -21.4125, -1, -42.675, 21.4125, 1, 42.675, -21.4125, 1, 42.675, 21.4125, 1, -42.675, -21.4125, 1, 42.675, -21.4125, 1, -42.675, 21.4125, 1, -42.675, -21.4125, -1, 42.675, 21.4125, -1, 42.675, -21.4125, -1, -42.675, 21.4125, -1, 42.675, 21.4125, -1, -42.675, -21.4125, -1, -42.675)

[sub_resource type="ConcavePolygonShape3D" id="ConcavePolygonShape3D_e2lxq"]
data = PackedVector3Array(-21.4125, 1, 42.675, 21.4125, 1, 42.675, -21.4125, -1, 42.675, 21.4125, 1, 42.675, 21.4125, -1, 42.675, -21.4125, -1, 42.675, 21.4125, 1, -42.675, -21.4125, 1, -42.675, 21.4125, -1, -42.675, -21.4125, 1, -42.675, -21.4125, -1, -42.675, 21.4125, -1, -42.675, 21.4125, 1, 42.675, 21.4125, 1, -42.675, 21.4125, -1, 42.675, 21.4125, 1, -42.675, 21.4125, -1, -42.675, 21.4125, -1, 42.675, -21.4125, 1, -42.675, -21.4125, 1, 42.675, -21.4125, -1, -42.675, -21.4125, 1, 42.675, -21.4125, -1, 42.675, -21.4125, -1, -42.675, 21.4125, 1, 42.675, -21.4125, 1, 42.675, 21.4125, 1, -42.675, -21.4125, 1, 42.675, -21.4125, 1, -42.675, 21.4125, 1, -42.675, -21.4125, -1, 42.675, 21.4125, -1, 42.675, -21.4125, -1, -42.675, 21.4125, -1, 42.675, 21.4125, -1, -42.675, -21.4125, -1, -42.675)

[sub_resource type="BoxMesh" id="BoxMesh_78hf1"]
size = Vector3(53.73, 2, 69.155)

[sub_resource type="ConcavePolygonShape3D" id="ConcavePolygonShape3D_raaq2"]
data = PackedVector3Array(-26.865, 1, 34.5775, 26.865, 1, 34.5775, -26.865, -1, 34.5775, 26.865, 1, 34.5775, 26.865, -1, 34.5775, -26.865, -1, 34.5775, 26.865, 1, -34.5775, -26.865, 1, -34.5775, 26.865, -1, -34.5775, -26.865, 1, -34.5775, -26.865, -1, -34.5775, 26.865, -1, -34.5775, 26.865, 1, 34.5775, 26.865, 1, -34.5775, 26.865, -1, 34.5775, 26.865, 1, -34.5775, 26.865, -1, -34.5775, 26.865, -1, 34.5775, -26.865, 1, -34.5775, -26.865, 1, 34.5775, -26.865, -1, -34.5775, -26.865, 1, 34.5775, -26.865, -1, 34.5775, -26.865, -1, -34.5775, 26.865, 1, 34.5775, -26.865, 1, 34.5775, 26.865, 1, -34.5775, -26.865, 1, 34.5775, -26.865, 1, -34.5775, 26.865, 1, -34.5775, -26.865, -1, 34.5775, 26.865, -1, 34.5775, -26.865, -1, -34.5775, 26.865, -1, 34.5775, 26.865, -1, -34.5775, -26.865, -1, -34.5775)

[sub_resource type="PhysicalSkyMaterial" id="PhysicalSkyMaterial_6vvcb"]

[sub_resource type="Sky" id="Sky_ibtkt"]
sky_material = SubResource("PhysicalSkyMaterial_6vvcb")

[sub_resource type="Environment" id="Environment_w4sm2"]
background_mode = 2
sky = SubResource("Sky_ibtkt")
tonemap_mode = 3
tonemap_white = 6.0
ssr_enabled = true
ssr_max_steps = 512
ssao_detail = 2.0
ssil_enabled = true
sdfgi_enabled = true
sdfgi_bounce_feedback = 1.0
sdfgi_y_scale = 0
glow_enabled = true
glow_levels/1 = 1.0
glow_levels/2 = 1.0
glow_levels/4 = 1.0
glow_levels/6 = 1.0
glow_levels/7 = 1.0
glow_intensity = 1.0
glow_strength = 0.65
glow_blend_mode = 1
volumetric_fog_enabled = true
volumetric_fog_density = 0.0
adjustment_saturation = 1.17

[sub_resource type="FogMaterial" id="FogMaterial_jguo7"]
density = 0.0225
height_falloff = 0.15

[sub_resource type="StandardMaterial3D" id="StandardMaterial3D_n0oho"]
metallic = 1.0
roughness = 0.0
texture_filter = 5

[sub_resource type="BoxShape3D" id="BoxShape3D_gxu67"]

[sub_resource type="StandardMaterial3D" id="StandardMaterial3D_72mn7"]
texture_filter = 5

[sub_resource type="BoxShape3D" id="BoxShape3D_ra78n"]

[node name="Node3D" type="Node3D"]

[node name="Section01" type="Node3D" parent="."]

[node name="S1B1" parent="Section01" instance=ExtResource("1_17a2u")]

[node name="S1B2" parent="Section01" instance=ExtResource("2_8mtnr")]

[node name="S1B3" parent="Section01" instance=ExtResource("3_bis43")]

[node name="S1B4" parent="Section01" instance=ExtResource("4_ll7ne")]

[node name="S1Details" parent="Section01" instance=ExtResource("5_l1708")]

[node name="S1Lamps" parent="Section01" instance=ExtResource("6_kx4kb")]

[node name="S1Walls" parent="Section01" instance=ExtResource("7_2kc2q")]

[node name="Section02" type="Node3D" parent="."]

[node name="S2B1" parent="Section02" instance=ExtResource("8_anouh")]

[node name="S2B2" parent="Section02" instance=ExtResource("9_u4tpu")]

[node name="S2B3" parent="Section02" instance=ExtResource("10_ypp8l")]

[node name="BistroProps" parent="Section02" instance=ExtResource("11_e4jub")]

[node name="S2Ivy" parent="Section02" instance=ExtResource("12_lc6cf")]

[node name="S2Lamps" parent="Section02" instance=ExtResource("13_v0ve4")]

[node name="S2Walls" parent="Section02" instance=ExtResource("14_v6tgn")]

[node name="S2Details" parent="Section02" instance=ExtResource("15_uu4ux")]

[node name="Bistro_Lanterns" parent="Section02" instance=ExtResource("16_1sf6e")]

[node name="Bistro_StringLights" parent="Section02" instance=ExtResource("17_j1o0m")]

[node name="Section03" type="Node3D" parent="."]

[node name="S3B1" parent="Section03" instance=ExtResource("16_m1vvn")]

[node name="S3B2" parent="Section03" instance=ExtResource("17_4e0xd")]

[node name="S3B3" parent="Section03" instance=ExtResource("18_4ij38")]

[node name="S3B4" parent="Section03" instance=ExtResource("19_acyb5")]

[node name="S3Lamps" parent="Section03" instance=ExtResource("20_w5tey")]

[node name="Section04" type="Node3D" parent="."]

[node name="S4B1" parent="Section04" instance=ExtResource("21_7egcs")]

[node name="S4B2" parent="Section04" instance=ExtResource("22_k7idl")]

[node name="S4B3" parent="Section04" instance=ExtResource("23_256hy")]

[node name="Section05" type="Node3D" parent="."]

[node name="S5B1" parent="Section05" instance=ExtResource("24_0u2lm")]

[node name="S5B1_trash" parent="Section05" instance=ExtResource("27_74fbg")]

[node name="S5B2" parent="Section05" instance=ExtResource("25_tcv6v")]

[node name="S5Lamps" parent="Section05" instance=ExtResource("26_xvk4t")]

[node name="Ground" type="Node3D" parent="."]

[node name="Ground" parent="Ground" instance=ExtResource("3_e3k7r")]

[node name="LightBlocker" type="MeshInstance3D" parent="Ground"]
transform = Transform3D(0.779218, 0, -0.626753, 0, 1, 0, 0.626753, 0, 0.779218, 0.764911, -0.864954, -22.6467)
mesh = SubResource("BoxMesh_u4h6w")
surface_material_override/0 = SubResource("StandardMaterial3D_5sixh")

[node name="StaticBody3D" type="StaticBody3D" parent="Ground/LightBlocker"]

[node name="CollisionShape3D" type="CollisionShape3D" parent="Ground/LightBlocker/StaticBody3D"]
shape = SubResource("ConcavePolygonShape3D_85nr3")

[node name="LightBlocker2" type="MeshInstance3D" parent="Ground"]
transform = Transform3D(0.613017, 0, 0.79007, 0, 1, 0, -0.79007, 0, 0.613017, -13.318, -0.864954, -9.67719)
mesh = SubResource("BoxMesh_u4h6w")
surface_material_override/0 = SubResource("StandardMaterial3D_5sixh")

[node name="StaticBody3D" type="StaticBody3D" parent="Ground/LightBlocker2"]

[node name="CollisionShape3D" type="CollisionShape3D" parent="Ground/LightBlocker2/StaticBody3D"]
shape = SubResource("ConcavePolygonShape3D_e2lxq")

[node name="LightBlocker3" type="MeshInstance3D" parent="Ground"]
transform = Transform3D(0.390056, 0, 0.920791, 0, 1, 0, -0.920791, 0, 0.390056, 43.1477, -0.864954, 24.8414)
mesh = SubResource("BoxMesh_78hf1")
surface_material_override/0 = SubResource("StandardMaterial3D_5sixh")

[node name="StaticBody3D" type="StaticBody3D" parent="Ground/LightBlocker3"]

[node name="CollisionShape3D" type="CollisionShape3D" parent="Ground/LightBlocker3/StaticBody3D"]
shape = SubResource("ConcavePolygonShape3D_raaq2")

[node name="WorldEnvironment" type="WorldEnvironment" parent="."]
environment = SubResource("Environment_w4sm2")
camera_attributes = ExtResource("30_pvdv2")

[node name="FogVolume" type="FogVolume" parent="."]
shape = 4
material = SubResource("FogMaterial_jguo7")

[node name="Sun" type="DirectionalLight3D" parent="."]
transform = Transform3D(0.950516, 0.247463, -0.187835, 0, 0.604599, 0.79653, 0.310676, -0.757114, 0.574681, -4.86868, 8.33126, 2.18251)
light_temperature = 4250.0
light_angular_distance = 0.5
shadow_enabled = true
directional_shadow_pancake_size = 30.0

[node name="Moon" type="DirectionalLight3D" parent="."]
transform = Transform3D(-0.877983, -0.326467, 0.350093, 0, 0.731354, 0.681998, -0.478692, 0.598783, -0.642116, -4.77862, 19.0998, 2.18251)
visible = false
light_intensity_lux = 400.0
light_temperature = 9000.0
shadow_enabled = true

[node name="Night Lights" type="Node3D" parent="."]
visible = false

[node name="Bistro Spotlights" type="Node3D" parent="Night Lights"]

[node name="BistroSpotlight_01" type="SpotLight3D" parent="Night Lights/Bistro Spotlights"]
transform = Transform3D(-0.927478, -0.200185, 0.31577, 0, 0.84458, 0.535429, -0.373878, 0.496598, -0.78333, 1.3405, 4.36749, 2.1227)
light_intensity_lumens = 15000.0
shadow_enabled = true
distance_fade_enabled = true
distance_fade_begin = 30.0
distance_fade_shadow = 20.0

[node name="BistroSpotlight_02" type="SpotLight3D" parent="Night Lights/Bistro Spotlights"]
transform = Transform3D(-0.927478, -0.200185, 0.31577, 0, 0.84458, 0.535429, -0.373878, 0.496598, -0.78333, 3.8112, 4.36749, 3.11867)
light_intensity_lumens = 15000.0
shadow_enabled = true
distance_fade_enabled = true
distance_fade_begin = 30.0
distance_fade_shadow = 20.0

[node name="BistroSpotlight_03" type="SpotLight3D" parent="Night Lights/Bistro Spotlights"]
transform = Transform3D(-0.927478, -0.200185, 0.31577, 0, 0.84458, 0.535429, -0.373878, 0.496598, -0.78333, 5.90969, 4.36749, 3.9646)
light_intensity_lumens = 15000.0
shadow_enabled = true
distance_fade_enabled = true
distance_fade_begin = 30.0
distance_fade_shadow = 20.0

[node name="BistroSpotlight_04" type="SpotLight3D" parent="Night Lights/Bistro Spotlights"]
transform = Transform3D(-0.927478, -0.200185, 0.31577, 0, 0.84458, 0.535429, -0.373878, 0.496598, -0.78333, 8.25273, 4.36749, 4.90911)
light_intensity_lumens = 15000.0
shadow_enabled = true
distance_fade_enabled = true
distance_fade_begin = 30.0
distance_fade_shadow = 20.0

[node name="BistroSpotlight_05" type="SpotLight3D" parent="Night Lights/Bistro Spotlights"]
transform = Transform3D(-0.422587, -0.833866, 0.355089, 0, 0.391791, 0.920054, -0.906322, 0.388803, -0.165566, -0.500191, 2.83611, 0.807312)
light_intensity_lumens = 15000.0
shadow_enabled = true
distance_fade_enabled = true
distance_fade_begin = 30.0
distance_fade_shadow = 20.0
spot_angle = 40.0

[node name="BistroSpotlight_06" type="SpotLight3D" parent="Night Lights/Bistro Spotlights"]
transform = Transform3D(-0.422587, -0.835364, 0.35155, -7.45058e-09, 0.387886, 0.921707, -0.906322, 0.389502, -0.163916, -1.94978, 2.8851, -2.38303)
light_intensity_lumens = 15000.0
shadow_enabled = true
distance_fade_enabled = true
distance_fade_begin = 30.0
distance_fade_shadow = 20.0
spot_angle = 40.0

[node name="BistroSpotlight_07" type="SpotLight3D" parent="Night Lights/Bistro Spotlights"]
transform = Transform3D(0.480836, -0.711552, 0.512338, 1.86265e-08, 0.58432, 0.811523, -0.876811, -0.390209, 0.280962, 2.20945, 4.37105, -11.1704)
light_intensity_lumens = 15000.0
shadow_enabled = true
distance_fade_enabled = true
distance_fade_begin = 30.0
distance_fade_shadow = 20.0
spot_angle = 34.4106

[node name="BistroSpotlight_08" type="SpotLight3D" parent="Night Lights/Bistro Spotlights"]
transform = Transform3D(0.480836, -0.711552, 0.512338, 1.86265e-08, 0.58432, 0.811523, -0.876811, -0.390209, 0.280962, 0.945159, 4.37105, -8.86493)
light_intensity_lumens = 15000.0
shadow_enabled = true
distance_fade_enabled = true
distance_fade_begin = 30.0
distance_fade_shadow = 20.0
spot_angle = 34.4106

[node name="BistroSpotlight_09" type="SpotLight3D" parent="Night Lights/Bistro Spotlights"]
transform = Transform3D(0.480836, -0.711552, 0.512338, 1.86265e-08, 0.58432, 0.811523, -0.876811, -0.390209, 0.280962, -0.172713, 4.37105, -6.82647)
light_intensity_lumens = 15000.0
shadow_enabled = true
distance_fade_enabled = true
distance_fade_begin = 30.0
distance_fade_shadow = 20.0
spot_angle = 34.4106

[node name="BistroSpotlight_10" type="SpotLight3D" parent="Night Lights/Bistro Spotlights"]
transform = Transform3D(0.480836, -0.711552, 0.512338, 1.86265e-08, 0.58432, 0.811523, -0.876811, -0.390209, 0.280962, -1.36061, 4.37105, -4.66033)
light_intensity_lumens = 15000.0
shadow_enabled = true
distance_fade_enabled = true
distance_fade_begin = 30.0
distance_fade_shadow = 20.0
spot_angle = 34.4106

[node name="StreetLamps" type="Node3D" parent="Night Lights"]

[node name="S2Lamp01" type="OmniLight3D" parent="Night Lights/StreetLamps"]
transform = Transform3D(1, 0, 0, 0, 1, 0, 0, 0, 1, 8.38401, 4.65562, 9.29258)
light_intensity_lumens = 200000.0
light_temperature = 2685.0
omni_range = 8.0

[node name="S2Lamp02" type="OmniLight3D" parent="Night Lights/StreetLamps"]
transform = Transform3D(1, 0, 0, 0, 1, 0, 0, 0, 1, -1.90029, 4.65562, 10.7745)
light_intensity_lumens = 200000.0
light_temperature = 2685.0
omni_range = 8.0

[node name="S2Lamp03" type="OmniLight3D" parent="Night Lights/StreetLamps"]
transform = Transform3D(1, 0, 0, 0, 1, 0, 0, 0, 1, -2.23285, 4.65562, 4.99216)
light_intensity_lumens = 200000.0
light_temperature = 2685.0
omni_range = 8.0

[node name="S2Lamp04" type="OmniLight3D" parent="Night Lights/StreetLamps"]
transform = Transform3D(1, 0, 0, 0, 1, 0, 0, 0, 1, -4.67616, 4.65562, -4.38318)
light_intensity_lumens = 200000.0
light_temperature = 2685.0
omni_range = 8.0

[node name="S3Lamp01" type="OmniLight3D" parent="Night Lights/StreetLamps"]
transform = Transform3D(1, 0, 0, 0, 1, 0, 0, 0, 1, -10.3341, 4.65562, 2.23719)
light_intensity_lumens = 200000.0
light_temperature = 2685.0
omni_range = 8.0

[node name="S5Lamp01" type="OmniLight3D" parent="Night Lights/StreetLamps"]
transform = Transform3D(1, 0, 0, 0, 1, 0, 0, 0, 1, 3.99464, 4.65562, -22.7616)
light_intensity_lumens = 200000.0
light_temperature = 2685.0
omni_range = 8.0

[node name="S1Lamp01" type="OmniLight3D" parent="Night Lights/StreetLamps"]
transform = Transform3D(1, 0, 0, 0, 1, 0, 0, 0, 1, 23.1138, 4.65562, 20.157)
light_intensity_lumens = 200000.0
light_temperature = 2685.0
omni_range = 8.0
omni_attenuation = 1.36604

[node name="S1Lamp02" type="OmniLight3D" parent="Night Lights/StreetLamps"]
transform = Transform3D(1, 0, 0, 0, 1, 0, 0, 0, 1, 37.5979, 4.65562, 19.6354)
light_intensity_lumens = 200000.0
light_temperature = 2685.0
omni_range = 8.0

[node name="S1Lamp03" type="OmniLight3D" parent="Night Lights/StreetLamps"]
transform = Transform3D(1, 0, 0, 0, 1, 0, 0, 0, 1, 35.6778, 4.65562, 25.799)
light_intensity_lumens = 200000.0
light_temperature = 2685.0
omni_range = 8.0

[node name="S1Lamp04" type="OmniLight3D" parent="Night Lights/StreetLamps"]
transform = Transform3D(1, 0, 0, 0, 1, 0, 0, 0, 1, 41.5306, 4.65562, 36.3704)
light_intensity_lumens = 200000.0
light_temperature = 2685.0
omni_range = 8.0

[node name="S1Lamp05" type="OmniLight3D" parent="Night Lights/StreetLamps"]
transform = Transform3D(1, 0, 0, 0, 1, 0, 0, 0, 1, 52.8318, 4.65562, 36.8112)
light_intensity_lumens = 200000.0
light_temperature = 2685.0
omni_range = 8.0

[node name="Building Spotlights" type="Node3D" parent="Night Lights"]

[node name="GallerySpotlight01" type="SpotLight3D" parent="Night Lights/Building Spotlights"]
transform = Transform3D(-0.635715, 0.733092, 0.241752, -1.86264e-09, 0.31318, -0.949694, -0.771924, -0.603734, -0.199093, -13.2953, 9.28777, 2.44544)
light_intensity_lumens = 15000.0
distance_fade_enabled = true
distance_fade_begin = 30.0
distance_fade_shadow = 20.0
spot_angle = 34.4106

[node name="GallerySpotlight02" type="SpotLight3D" parent="Night Lights/Building Spotlights"]
transform = Transform3D(-0.635715, 0.733092, 0.241751, -1.86265e-09, 0.31318, -0.949694, -0.771924, -0.603734, -0.199093, -17.2459, 9.32438, -2.16457)
light_intensity_lumens = 15000.0
distance_fade_enabled = true
distance_fade_begin = 30.0
distance_fade_shadow = 20.0
spot_angle = 34.4106

[node name="GallerySpotlight03" type="SpotLight3D" parent="Night Lights/Building Spotlights"]
transform = Transform3D(-0.635715, 0.733092, 0.241752, -1.86265e-09, 0.31318, -0.949694, -0.771924, -0.603734, -0.199093, -19.7078, 9.32438, -6.29351)
light_intensity_lumens = 15000.0
distance_fade_enabled = true
distance_fade_begin = 30.0
distance_fade_shadow = 20.0
spot_angle = 34.4106

[node name="GallerySpotlight04" type="SpotLight3D" parent="Night Lights/Building Spotlights"]
transform = Transform3D(-0.635715, 0.733092, 0.241752, -1.86265e-09, 0.31318, -0.949694, -0.771924, -0.603734, -0.199093, -23.4285, 9.32438, -9.41371)
light_intensity_lumens = 15000.0
distance_fade_enabled = true
distance_fade_begin = 30.0
distance_fade_shadow = 20.0
spot_angle = 34.4106

[node name="GallerySpotlight05" type="SpotLight3D" parent="Night Lights/Building Spotlights"]
transform = Transform3D(-0.635715, 0.733092, 0.241752, -1.86265e-09, 0.31318, -0.949694, -0.771924, -0.603734, -0.199093, -27.4437, 9.32438, -13.9817)
light_intensity_lumens = 15000.0
distance_fade_enabled = true
distance_fade_begin = 30.0
distance_fade_shadow = 20.0
spot_angle = 34.4106

[node name="S1B4Spotlight01" type="SpotLight3D" parent="Night Lights/Building Spotlights"]
transform = Transform3D(-0.92408, -0.371059, -0.0916078, 0, -0.239686, 0.970851, -0.3822, 0.897143, 0.221489, 34.3753, 2.97101, 14.5567)
light_intensity_lumens = 10000.0
distance_fade_enabled = true
distance_fade_begin = 25.0
distance_fade_shadow = 20.0
spot_range = 3.652
spot_angle = 29.78
spot_angle_attenuation = 0.840896

[node name="S1B4Spotlight02" type="SpotLight3D" parent="Night Lights/Building Spotlights"]
transform = Transform3D(-0.92408, -0.371059, -0.0916078, 0, -0.239686, 0.970851, -0.3822, 0.897143, 0.221489, 37.0969, 2.9777, 15.6251)
light_intensity_lumens = 10000.0
distance_fade_enabled = true
distance_fade_begin = 25.0
distance_fade_shadow = 20.0
spot_range = 3.652
spot_angle = 29.78
spot_angle_attenuation = 0.840896

[node name="S1B3Spotlight01" type="SpotLight3D" parent="Night Lights/Building Spotlights"]
transform = Transform3D(-0.92408, -0.377486, 0.0598419, -1.49012e-08, 0.156572, 0.987666, -0.3822, 0.912683, -0.144685, 28.3724, 2.59098, 26.6323)
light_intensity_lumens = 10000.0
distance_fade_enabled = true
distance_fade_begin = 25.0
distance_fade_shadow = 20.0
spot_range = 3.652
spot_angle = 53.17
spot_angle_attenuation = 0.840896

[node name="S1B3Spotlight02" type="SpotLight3D" parent="Night Lights/Building Spotlights"]
transform = Transform3D(-0.92408, -0.377486, 0.0598419, -1.49012e-08, 0.156572, 0.987666, -0.3822, 0.912683, -0.144685, 29.6246, 2.67414, 27.3201)
light_intensity_lumens = 10000.0
distance_fade_enabled = true
distance_fade_begin = 25.0
distance_fade_shadow = 20.0
spot_range = 2.86
spot_angle = 35.95
spot_angle_attenuation = 0.840896

[node name="S1B3Spotlight03" type="SpotLight3D" parent="Night Lights/Building Spotlights"]
transform = Transform3D(-0.92408, -0.377486, 0.0598419, -1.49012e-08, 0.156572, 0.987666, -0.3822, 0.912683, -0.144685, 27.0031, 2.6711, 26.2304)
light_intensity_lumens = 10000.0
distance_fade_enabled = true
distance_fade_begin = 25.0
distance_fade_shadow = 20.0
spot_range = 2.86
spot_angle = 35.95
spot_angle_attenuation = 0.840896

[node name="S1B3Spotlight04" type="SpotLight3D" parent="Night Lights/Building Spotlights"]
transform = Transform3D(-0.92408, -0.377486, 0.0598419, -1.49012e-08, 0.156572, 0.987666, -0.3822, 0.912683, -0.144685, 22.644, 3.40161, 25.0231)
light_intensity_lumens = 10000.0
distance_fade_enabled = true
distance_fade_begin = 25.0
distance_fade_shadow = 20.0
spot_range = 2.86
spot_angle = 35.95
spot_angle_attenuation = 0.840896

[node name="S5B2Spotlight01" type="SpotLight3D" parent="Night Lights/Building Spotlights"]
transform = Transform3D(-0.697228, 0.716765, -0.0110221, -2.98023e-08, 0.0153758, 0.999882, 0.71685, 0.697145, -0.0107204, 3.21923, 2.62371, -28.4447)
light_intensity_lumens = 10000.0
distance_fade_enabled = true
distance_fade_begin = 25.0
distance_fade_shadow = 20.0
spot_range = 3.652
spot_angle = 29.78
spot_angle_attenuation = 0.840896

[node name="S5B2Spotlight02" type="SpotLight3D" parent="Night Lights/Building Spotlights"]
transform = Transform3D(-0.697228, 0.716765, -0.0110221, -2.98023e-08, 0.0153758, 0.999882, 0.71685, 0.697145, -0.0107204, 4.24387, 2.6244, -29.4343)
light_intensity_lumens = 10000.0
distance_fade_enabled = true
distance_fade_begin = 25.0
distance_fade_shadow = 20.0
spot_range = 3.652
spot_angle = 29.78
spot_angle_attenuation = 0.840896

[node name="S5B2Spotlight03" type="SpotLight3D" parent="Night Lights/Building Spotlights"]
transform = Transform3D(-0.697228, 0.716765, -0.0110221, -2.98023e-08, 0.0153758, 0.999882, 0.71685, 0.697145, -0.0107204, 5.18699, 2.62359, -30.4795)
light_intensity_lumens = 10000.0
distance_fade_enabled = true
distance_fade_begin = 25.0
distance_fade_shadow = 20.0
spot_range = 3.652
spot_angle = 29.78
spot_angle_attenuation = 0.840896

[node name="S4B2Spotlight01" type="SpotLight3D" parent="Night Lights/Building Spotlights"]
transform = Transform3D(0.520641, -0.853705, -0.0110221, -0.00341456, -0.0149918, 0.999882, -0.853769, -0.520542, -0.0107204, 13.0903, 2.90988, -25.3139)
light_intensity_lumens = 10000.0
distance_fade_enabled = true
distance_fade_begin = 25.0
distance_fade_shadow = 20.0
spot_range = 3.652
spot_angle = 29.78
spot_angle_attenuation = 0.840896

[node name="S4B2Spotlight02" type="SpotLight3D" parent="Night Lights/Building Spotlights"]
transform = Transform3D(0.520641, -0.853705, -0.0110221, -0.00341456, -0.0149918, 0.999882, -0.853769, -0.520542, -0.0107204, 11.6026, 2.95051, -22.8088)
light_intensity_lumens = 10000.0
distance_fade_enabled = true
distance_fade_begin = 25.0
distance_fade_shadow = 20.0
spot_range = 3.652
spot_angle = 29.78
spot_angle_attenuation = 0.840896

[node name="S4B1Spotlight01" type="SpotLight3D" parent="Night Lights/Building Spotlights"]
transform = Transform3D(0.655761, -0.658839, -0.368658, -0.000865773, -0.488965, 0.872303, -0.754968, -0.571703, -0.321215, 7.75224, 3.47442, -18.0566)
light_intensity_lumens = 10000.0
distance_fade_enabled = true
distance_fade_begin = 25.0
distance_fade_shadow = 20.0
spot_range = 3.28322
spot_angle = 47.322
spot_angle_attenuation = 0.840896

[node name="S4B1Spotlight02" type="SpotLight3D" parent="Night Lights/Building Spotlights"]
transform = Transform3D(0.655761, -0.658839, -0.368658, -0.000865773, -0.488965, 0.872303, -0.754968, -0.571703, -0.321215, 3.85452, 3.51987, -13.287)
light_intensity_lumens = 10000.0
distance_fade_enabled = true
distance_fade_begin = 25.0
distance_fade_shadow = 20.0
spot_range = 3.04213
spot_angle = 45.4374
spot_angle_attenuation = 0.840896

[node name="Building_Lamps" type="Node3D" parent="Night Lights"]

[node name="GalleryLamp01" type="OmniLight3D" parent="Night Lights/Building_Lamps"]
transform = Transform3D(1, 0, 0, 0, 1, 0, 0, 0, 1, -14.3472, 4.26243, 1.28965)
light_intensity_lumens = 60000.0
light_temperature = 4000.0
light_color = Color(1, 0.792157, 0.6, 1)
light_energy = 0.639
light_volumetric_fog_energy = 3.0

[node name="GalleryLamp02" type="OmniLight3D" parent="Night Lights/Building_Lamps"]
transform = Transform3D(1, 0, 0, 0, 1, 0, 0, 0, 1, -18.4046, 4.26243, -4.03495)
light_intensity_lumens = 60000.0
light_temperature = 4000.0
light_color = Color(1, 0.792157, 0.6, 1)
light_energy = 0.639
light_volumetric_fog_energy = 3.0

[node name="GalleryLamp03" type="OmniLight3D" parent="Night Lights/Building_Lamps"]
transform = Transform3D(1, 0, 0, 0, 1, 0, 0, 0, 1, -21.5866, 4.26243, -7.7218)
light_intensity_lumens = 60000.0
light_temperature = 4000.0
light_color = Color(1, 0.792157, 0.6, 1)
light_energy = 0.639
light_volumetric_fog_energy = 3.0

[node name="GalleryLamp04" type="OmniLight3D" parent="Night Lights/Building_Lamps"]
transform = Transform3D(1, 0, 0, 0, 1, 0, 0, 0, 1, -26.2974, 4.26748, -12.6357)
light_intensity_lumens = 60000.0
light_temperature = 4000.0
light_color = Color(1, 0.792157, 0.6, 1)
light_energy = 0.639
light_volumetric_fog_energy = 3.0

[node name="S1B4Lamp01" type="OmniLight3D" parent="Night Lights/Building_Lamps"]
transform = Transform3D(1, 0, 0, 0, 1, 0, 0, 0, 1, 32.1384, 4.26704, 14.4793)
light_intensity_lumens = 50000.0
light_temperature = 2700.0
omni_range = 6.5
omni_attenuation = 0.965936

[node name="S2B1Lamp01" type="OmniLight3D" parent="Night Lights/Building_Lamps"]
transform = Transform3D(1, 0, 0, 0, 1, 0, 0, 0, 1, 22.2473, 4.26704, 13.6706)
light_intensity_lumens = 50000.0
light_temperature = 2700.0
omni_range = 6.5
omni_attenuation = 0.965936

[node name="S5B1Lamp01" type="OmniLight3D" parent="Night Lights/Building_Lamps"]
transform = Transform3D(1, 0, 0, 0, 1, 0, 0, 0, 1, -19.0137, 4.26748, -15.982)
light_intensity_lumens = 50000.0
light_temperature = 2700.0
omni_range = 6.5
omni_attenuation = 0.965936

[node name="S5B1Lamp02" type="OmniLight3D" parent="Night Lights/Building_Lamps"]
transform = Transform3D(1, 0, 0, 0, 1, 0, 0, 0, 1, -12.7943, 4.26748, -10.2883)
light_intensity_lumens = 50000.0
light_temperature = 2700.0
omni_range = 6.5
omni_attenuation = 0.965936

[node name="S5B1Lamp03" type="OmniLight3D" parent="Night Lights/Building_Lamps"]
transform = Transform3D(1, 0, 0, 0, 1, 0, 0, 0, 1, -9.02473, 4.26748, -12.2153)
light_intensity_lumens = 50000.0
light_temperature = 2700.0
omni_range = 6.5
omni_attenuation = 0.965936

[node name="S5B1Lamp04" type="OmniLight3D" parent="Night Lights/Building_Lamps"]
transform = Transform3D(1, 0, 0, 0, 1, 0, 0, 0, 1, -2.27245, 4.44774, -19.5667)
light_intensity_lumens = 50000.0
light_temperature = 2700.0
omni_range = 6.5
omni_attenuation = 0.965936

[node name="S5B1Lamp05" type="OmniLight3D" parent="Night Lights/Building_Lamps"]
transform = Transform3D(1, 0, 0, 0, 1, 0, 0, 0, 1, -22.3056, 4.67269, -19.529)
light_intensity_lumens = 50000.0
light_temperature = 2700.0
omni_range = 6.5
omni_attenuation = 0.965936

[node name="S3B3Lamp01" type="OmniLight3D" parent="Night Lights/Building_Lamps"]
transform = Transform3D(1, 0, 0, 0, 1, 0, 0, 0, 1, -30.5338, 3.4633, -18.4168)
light_intensity_lumens = 50000.0
light_temperature = 2700.0
omni_range = 6.5
omni_attenuation = 0.965936

[node name="S3B3Lamp02" type="OmniLight3D" parent="Night Lights/Building_Lamps"]
transform = Transform3D(1, 0, 0, 0, 1, 0, 0, 0, 1, -28.796, 3.4633, -22.5437)
light_intensity_lumens = 50000.0
light_temperature = 2700.0
omni_range = 6.5
omni_attenuation = 0.965936

[node name="S4B1Lamp01" type="OmniLight3D" parent="Night Lights/Building_Lamps"]
transform = Transform3D(1, 0, 0, 0, 1, 0, 0, 0, 1, 9.60854, 4.81285, -21.5167)
light_intensity_lumens = 50000.0
light_temperature = 2700.0
omni_range = 6.5
omni_attenuation = 0.965936

[node name="S4B3Lamp01" type="OmniLight3D" parent="Night Lights/Building_Lamps"]
transform = Transform3D(1, 0, 0, 0, 1, 0, 0, 0, 1, 18.9002, 4.73853, -36.8314)
light_intensity_lumens = 50000.0
light_temperature = 2700.0
omni_range = 6.5
omni_attenuation = 0.965936

[node name="S4B3Lamp02" type="OmniLight3D" parent="Night Lights/Building_Lamps"]
transform = Transform3D(1, 0, 0, 0, 1, 0, 0, 0, 1, 19.2939, 4.73853, -44.5023)
light_intensity_lumens = 50000.0
light_temperature = 2700.0
omni_range = 6.5
omni_attenuation = 0.965936

[node name="Day Lights" type="Node3D" parent="."]

[node name="HangingLight01" type="OmniLight3D" parent="Day Lights"]
transform = Transform3D(1, 0, 0, 0, 1, 0, 0, 0, 1, -1.17348, 2.60211, -5.0847)
light_intensity_lumens = 10000.0
light_color = Color(1, 0.545098, 0.258824, 1)
light_cull_mask = 4294967293
omni_range = 2.665

[node name="HangingLight02" type="OmniLight3D" parent="Day Lights"]
transform = Transform3D(1, 0, 0, 0, 1, 0, 0, 0, 1, -0.0144725, 2.60211, -7.78534)
light_intensity_lumens = 10000.0
light_color = Color(1, 0.545098, 0.258824, 1)
light_cull_mask = 4294967293
omni_range = 2.665

[node name="HangingLight03" type="OmniLight3D" parent="Day Lights"]
transform = Transform3D(1, 0, 0, 0, 1, 0, 0, 0, 1, 1.82587, 2.60211, 2.34868)
light_intensity_lumens = 10000.0
light_color = Color(1, 0.545098, 0.258824, 1)
light_cull_mask = 4294967293
omni_range = 2.665

[node name="HangingLight04" type="OmniLight3D" parent="Day Lights"]
transform = Transform3D(1, 0, 0, 0, 1, 0, 0, 0, 1, 4.82214, 2.60211, 3.50114)
light_intensity_lumens = 10000.0
light_color = Color(1, 0.545098, 0.258824, 1)
light_cull_mask = 4294967293
omni_range = 2.665

[node name="HangingLight05" type="OmniLight3D" parent="Day Lights"]
transform = Transform3D(1, 0, 0, 0, 1, 0, 0, 0, 1, 7.77118, 2.60211, 4.46136)
light_intensity_lumens = 10000.0
light_color = Color(1, 0.545098, 0.258824, 1)
light_cull_mask = 4294967293
omni_range = 2.665

[node name="Human-For-Scale" parent="." instance=ExtResource("31_gaxn2")]
transform = Transform3D(1, 0, 0, 0, 1, 0, 0, 0, 1, -7.82449, 0.782661, 1.10135)

[node name="MaterialCubeSpecular" type="RigidBody3D" parent="."]
transform = Transform3D(0.672451, -0.342631, -0.656059, 0.453991, 0.891006, 0, 0.584553, -0.297845, 0.75471, -14.7111, 0.91317, -23.3905)
collision_layer = 2
collision_mask = 7

[node name="MeshInstance3D" type="MeshInstance3D" parent="MaterialCubeSpecular"]
gi_mode = 2
mesh = ExtResource("33_6648h")
surface_material_override/0 = SubResource("StandardMaterial3D_n0oho")

[node name="CollisionShape3D" type="CollisionShape3D" parent="MaterialCubeSpecular"]
shape = SubResource("BoxShape3D_gxu67")

[node name="MaterialCubeAlbedo" type="RigidBody3D" parent="."]
transform = Transform3D(0.737277, 0.296159, -0.607216, 0, 0.898794, 0.438371, 0.67559, -0.323201, 0.66266, 10.0383, 0.891349, -39.0332)
collision_layer = 2
collision_mask = 7

[node name="MeshInstance3D" type="MeshInstance3D" parent="MaterialCubeAlbedo"]
gi_mode = 2
mesh = ExtResource("33_6648h")
surface_material_override/0 = SubResource("StandardMaterial3D_72mn7")

[node name="CollisionShape3D" type="CollisionShape3D" parent="MaterialCubeAlbedo"]
shape = SubResource("BoxShape3D_ra78n")
